
time,npos,epos,alt,phi,theta,psi,vel,alpha,beta,p,q,r,nx,ny,nz,mach,qbar,ps,

 0.00000, 0.00000, 0.00000,20000.00000, 0.00000,16.56672, 0.00000,300.00000,16.56672, 0.00000, 0.00000, 0.00000, 0.00000, 0.28512,-0.00265, 0.95844, 0.28979,57.12293,971.01236,3984.05579,-4.91769, 0.04588, 0.23273,
 0.10000,30.00000,-0.00042,19999.99999, 0.00003,16.56672,-0.00000,300.00000,16.56675,-0.00161, 0.00086,-0.00001,-0.00012, 0.28512,-0.00263, 0.95844, 0.28979,57.12293,971.01236,3984.05579,-4.91769, 0.04588, 0.23273,
 0.20000,60.00000,-0.00169,19999.99997, 0.00021,16.56672,-0.00003,300.00000,16.56678,-0.00313, 0.00327,-0.00004,-0.00042, 0.28512,-0.00261, 0.95844, 0.28979,57.12293,971.01236,3984.05579,-4.91769, 0.04588, 0.23273,
 0.30000,90.00000,-0.00380,19999.99993, 0.00070,16.56671,-0.00010,300.00001,16.56681,-0.00452, 0.00696,-0.00009,-0.00088, 0.28512,-0.00259, 0.95844, 0.28979,57.12293,971.01237,3984.05579,-4.91769, 0.04588, 0.23273,
 0.40000,120.00000,-0.00673,19999.99987, 0.00158,16.56670,-0.00022,300.00001,16.56682,-0.00572, 0.01162,-0.00016,-0.00150, 0.28512,-0.00257, 0.95844, 0.28979,57.12293,971.01237,3984.05579,-4.91769, 0.04588, 0.23273,
 0.50000,150.00000,-0.01049,19999.99979, 0.00295,16.56668,-0.00041,300.00002,16.56684,-0.00669, 0.01693,-0.00023,-0.00225, 0.28512,-0.00256, 0.95844, 0.28979,57.12293,971.01237,3984.05579,-4.91769, 0.04588, 0.23273,
 0.60000,180.00000,-0.01505,19999.99970, 0.00485,16.56665,-0.00069,300.00003,16.56684,-0.00740, 0.02257,-0.00031,-0.00310, 0.28512,-0.00255, 0.95844, 0.28979,57.12294,971.01238,3984.05579,-4.91769, 0.04588, 0.23273,
 0.70000,210.00001,-0.02040,19999.99960, 0.00728,16.56662,-0.00107,300.00004,16.56684,-0.00783, 0.02821,-0.00040,-0.00404, 0.28512,-0.00254, 0.95844, 0.28979,57.12294,971.01238,3984.05579,-4.91769, 0.04588, 0.23273,
 0.80000,240.00001,-0.02653,19999.99947, 0.01024,16.56657,-0.00154,300.00006,16.56683,-0.00799, 0.03356,-0.00048,-0.00502, 0.28512,-0.00254, 0.95844, 0.28979,57.12295,971.01238,3984.05579,-4.91769, 0.04588, 0.23273,
 0.90000,270.00002,-0.03343,19999.99933, 0.01368,16.56652,-0.00211,300.00008,16.56681,-0.00787, 0.03836,-0.00056,-0.00602, 0.28512,-0.00254, 0.95843, 0.28979,57.12296,971.01239,3984.05579,-4.91769, 0.04588, 0.23273,
 1.00000,300.00003,-0.04107,19999.99917, 0.01753,16.56646,-0.00279,300.00011,16.56678,-0.00749, 0.04238,-0.00063,-0.00700, 0.28512,-0.00255, 0.95846, 0.28979,57.12297,971.01240,3984.05579,-4.91505, 0.04588, 0.23273,
 1.10000,329.99985,-0.04943,19999.99966, 0.02179,16.56149,-0.00358,299.99530,16.55862,-0.00686, 0.04763,-0.12837,-0.00805, 0.28510,-0.00253, 0.96607, 0.28978,57.12114,971.01238,3984.05579,-4.05000, 0.04588, 0.23273,
 1.20000,359.99906,-0.05848,20000.00228, 0.02654,16.53867,-0.00451,299.98922,16.53175,-0.00588, 0.05228,-0.32998,-0.00972, 0.28477,-0.00248, 0.96422, 0.28978,57.11882,971.01227,3984.05579,-3.93525, 0.04588, 0.23273,
 1.30000,389.99780,-0.06819,20000.00658, 0.03155,16.49565,-0.00568,299.98647,16.48652,-0.00449, 0.05408,-0.52841,-0.01273, 0.28427,-0.00238, 0.96041, 0.28977,57.11776,971.01209,3984.05579,-3.92002, 0.04588, 0.23273,
 1.40000,419.99652,-0.07850,20000.01138, 0.03644,16.43349,-0.00729,299.98882,16.42477,-0.00262, 0.05204,-0.71205,-0.01770, 0.28363,-0.00226, 0.95577, 0.28978,57.11864,971.01190,3984.05579,-3.91800, 0.04588, 0.23273,
 1.50000,449.99577,-0.08933,20000.01519, 0.04070,16.35382,-0.00956,299.99750,16.34855,-0.00014, 0.04517,-0.87818,-0.02515, 0.28289,-0.00211, 0.95055, 0.28978,57.12195,971.01174,3984.05579,-3.91774, 0.04588, 0.23273,
 1.60000,479.99626,-0.10063,20000.01633, 0.04373,16.25848,-0.01276,300.01358,16.26000, 0.00303, 0.03237,-1.02555,-0.03545, 0.28206,-0.00195, 0.94489, 0.28980,57.12807,971.01170,3984.05579,-3.91770, 0.04588, 0.23273,
 1.70000,509.99876,-0.11233,20000.01297, 0.04480,16.14937,-0.01721,300.03792,16.16127, 0.00700, 0.01239,-1.15336,-0.04886, 0.28117,-0.00179, 0.93893, 0.28982,57.13734,971.01183,3984.05579,-3.91769, 0.04588, 0.23273,
 1.80000,540.00413,-0.12436,20000.00321, 0.04302,16.02848,-0.02323,300.07121,16.05451, 0.01184,-0.01599,-1.26113,-0.06548, 0.28024,-0.00163, 0.93278, 0.28986,57.15004,971.01223,3984.05579,-3.91769, 0.04588, 0.23273,
 1.90000,570.01331,-0.13670,19999.98504, 0.03743,15.89783,-0.03114,300.11401,15.94180, 0.01759,-0.05396,-1.34864,-0.08530, 0.27929,-0.00148, 0.92658, 0.28990,57.16638,971.01297,3984.05579,-3.91769, 0.04588, 0.23273,
 2.00000,600.02724,-0.14933,19999.95646, 0.02694,15.75944,-0.04125,300.16667,15.82519, 0.02422,-0.10255,-1.41595,-0.10823, 0.27833,-0.00135, 0.92041, 0.28995,57.18650,971.01414,3984.05579,-3.91769, 0.04588, 0.23273,
 2.10000,630.04693,-0.16226,19999.91548, 0.01037,15.61531,-0.05386,300.22942,15.70663, 0.03168,-0.16261,-1.46334,-0.13405, 0.27739,-0.00124, 0.91440, 0.29001,57.21049,971.01581,3984.05579,-3.91769, 0.04588, 0.23273,
 2.20000,660.07338,-0.17555,19999.86012,-0.01350,15.46742,-0.06923,300.30234,15.58798, 0.03986,-0.23468,-1.49138,-0.16250, 0.27647,-0.00114, 0.90861, 0.29008,57.23839,971.01807,3984.05579,-3.91769, 0.04588, 0.23273,
 2.30000,690.10759,-0.18928,19999.78850,-0.04596,15.31765,-0.08758,300.38537,15.47096, 0.04861,-0.31895,-1.50084,-0.19326, 0.27559,-0.00108, 0.90315, 0.29016,57.27019,971.02100,3984.05579,-3.91769, 0.04588, 0.23273,
 2.40000,720.15056,-0.20361,19999.69883,-0.08823,15.16780,-0.10911,300.47833,15.35719, 0.05773,-0.41525,-1.49273,-0.22598, 0.27476,-0.00103, 0.89807, 0.29025,57.30581,971.02466,3984.05579,-3.91769, 0.04588, 0.23273,
 2.50000,750.20324,-0.21874,19999.58943,-0.14152,15.01958,-0.13398,300.58095,15.24809, 0.06699,-0.52297,-1.46823,-0.26028, 0.27399,-0.00101, 0.89343, 0.29035,57.34517,971.02913,3984.05579,-3.91769, 0.04588, 0.23273,
 2.60000,780.26656,-0.23494,19999.45879,-0.20694,14.87453,-0.16229,300.69283,15.14497, 0.07615,-0.64112,-1.42873,-0.29580, 0.27329,-0.00100, 0.88928, 0.29046,57.38813,971.03446,3984.05579,-3.91769, 0.04588, 0.23273,
 2.70000,810.34141,-0.25253,19999.30552,-0.28549,14.73406,-0.19414,300.81353,15.04893, 0.08495,-0.76832,-1.37576,-0.33218, 0.27266,-0.00101, 0.88567, 0.29057,57.43450,971.04072,3984.05579,-3.91769, 0.04588, 0.23273,
 2.80000,840.42862,-0.27191,19999.12841,-0.37795,14.59942,-0.22958,300.94242,14.96094, 0.09309,-0.90188,-1.31223,-0.36875, 0.27189,-0.00116, 0.88228, 0.29070,57.48408,971.04795,3984.05579,-3.91769, 0.04588, 0.23273,
 2.90000,870.52892,-0.29360,19998.92630,-0.48449,14.47111,-0.26846,301.07836,14.88156, 0.10019,-1.03308,-1.24836,-0.40286, 0.27099,-0.00143, 0.87903, 0.29083,57.53641,971.05620,3984.05579,-3.91769, 0.04588, 0.23273,
 3.00000,900.64294,-0.31820,19998.69809,-0.60462,14.34901,-0.31051,301.22079,14.81043, 0.10595,-1.15936,-1.18622,-0.43429, 0.27019,-0.00167, 0.87622, 0.29096,57.59131,971.06552,3984.05579,-3.92298, 0.04588, 0.23273,
 3.10000,930.77162,-0.34639,19998.44141,-0.73801,14.24304,-0.35561,301.37759,14.76398, 0.11013,-1.28622,-0.86167,-0.46415, 0.26921,-0.00185, 0.85813, 0.29112,57.65178,971.07600,3984.05579,-5.65309, 0.04588, 0.23273,
 3.20000,960.91619,-0.37883,19998.15233,-0.88476,14.17991,-0.40405,301.54239,14.76349, 0.11243,-1.40970,-0.38294,-0.49225, 0.26951,-0.00194, 0.86054, 0.29127,57.71542,971.08780,3984.05579,-5.88259, 0.04588, 0.23273,
 3.30000,991.07695,-0.41629,19997.83126,-1.04427,14.16482,-0.45594,301.70724,14.80801, 0.11264,-1.52496, 0.09512,-0.51856, 0.27048,-0.00192, 0.86770, 0.29143,57.77917,971.10091,3984.05579,-5.91304, 0.04588, 0.23273,
 3.40000,1021.25373,-0.45959,19997.48045,-1.21571,14.19632,-0.51139,301.86888,14.89407, 0.11066,-1.63055, 0.55228,-0.54369, 0.27203,-0.00181, 0.87732, 0.29159,57.84178,971.11523,3984.05579,-5.91708, 0.04588, 0.23273,
 3.50000,1051.44606,-0.50960,19997.10299,-1.39814,14.27215,-0.57057,302.02473,15.01803, 0.10646,-1.72519, 0.98590,-0.56825, 0.27400,-0.00166, 0.88879, 0.29174,57.90227,971.13065,3984.05579,-5.91761, 0.04588, 0.23273,
 3.60000,1081.65325,-0.56730,19996.70256,-1.59012,14.38937,-0.63354,302.17135,15.17627, 0.09992,-1.79775, 1.38178,-0.58928, 0.27566,-0.00188, 0.90095, 0.29188,57.95928,971.14700,3984.05579,-5.91768, 0.04588, 0.23273,
 3.70000,1111.87423,-0.63380,19996.28312,-1.78887,14.54352,-0.69995,302.30561,15.36380, 0.09090,-1.84047, 1.72958,-0.60431, 0.27755,-0.00211, 0.91417, 0.29201,58.01162,971.16412,3984.05579,-5.91769, 0.04588, 0.23273,
 3.80000,1142.10768,-0.71032,19995.84892,-1.99130,14.72971,-0.76930,302.42518,15.57515, 0.07944,-1.85269, 2.02821,-0.61287, 0.27960,-0.00237, 0.92818, 0.29212,58.05838,971.18185,3984.05579,-5.91769, 0.04588, 0.23273,
 3.90000,1172.35210,-0.79813,19995.40449,-2.19428,14.94303,-0.84097,302.52803,15.80500, 0.06559,-1.83489, 2.27787,-0.61457, 0.28179,-0.00265, 0.94273, 0.29222,58.09875,971.20000,3984.05579,-5.91769, 0.04588, 0.23273,
 4.00000,1202.60577,-0.89854,19994.95451,-2.39471,15.17866,-0.91423,302.61238,16.04826, 0.04944,-1.78843, 2.47988,-0.60910, 0.28406,-0.00293, 0.95756, 0.29230,58.13204,971.21837,3984.05579,-5.91769, 0.04588, 0.23273,
 4.10000,1232.86682,-1.01289,19994.50377,-2.58965,15.43198,-0.98827,302.67678,16.30014, 0.03109,-1.71529, 2.63643,-0.59617, 0.28639,-0.00323, 0.97247, 0.29237,58.15767,971.23678,3984.05579,-5.91769, 0.04588, 0.23273,
 4.20000,1263.13327,-1.14251,19994.05705,-2.77633,15.69862,-1.06220,302.72007,16.55630, 0.01063,-1.61773, 2.75041,-0.57560, 0.28873,-0.00354, 0.98725, 0.29241,58.17518,971.25502,3984.05579,-5.91769, 0.04588, 0.23273,
 4.30000,1293.40301,-1.28871,19993.61909,-2.95218,15.97456,-1.13505,302.74139,16.81278,-0.01183,-1.49820, 2.82520,-0.54726, 0.29106,-0.00385, 1.00168, 0.29243,58.18424,971.27291,3984.05579,-5.91769, 0.04588, 0.23273,
 4.40000,1323.67386,-1.45277,19993.19451,-3.11486,16.25611,-1.20583,302.74028,17.06615,-0.03622,-1.35960, 2.86442,-0.51139, 0.29335,-0.00416, 1.01559, 0.29243,58.18465,971.29024,3984.05579,-5.91769, 0.04588, 0.23273,
 4.50000,1353.94359,-1.63589,19992.78775,-3.26228,16.54002,-1.27353,302.71628,17.31345,-0.06241,-1.20363, 2.87265,-0.46837, 0.29533,-0.00444, 1.02885, 0.29240,58.17623,971.30685,3984.05579,-5.91769, 0.04588, 0.23273,
 4.60000,1384.20989,-1.83919,19992.40300,-3.39233,16.82365,-1.33720,302.66824,17.55253,-0.09018,-1.02849, 2.85806,-0.41916, 0.29678,-0.00467, 1.04130, 0.29236,58.15852,971.32257,3984.05579,-5.91769, 0.04588, 0.23273,
 4.70000,1414.47032,-2.06368,19992.04418,-3.50272,17.10514,-1.39603,302.59548,17.78202,-0.11906,-0.83238, 2.82665,-0.36479, 0.29793,-0.00485, 1.05292, 0.29228,58.13127,971.33722,3984.05579,-5.91769, 0.04588, 0.23273,
 4.80000,1444.72241,-2.31021,19991.71486,-3.59106,17.38304,-1.44931,302.49805,18.00102,-0.14845,-0.61510, 2.78174,-0.30621, 0.29889,-0.00498, 1.06367, 0.29219,58.09449,971.35067,3984.05579,-5.91769, 0.04588, 0.23273,
 4.90000,1474.96367,-2.57950,19991.41837,-3.65503,17.65620,-1.49640,302.37640,18.20888,-0.17762,-0.37770, 2.72546,-0.24419, 0.29972,-0.00507, 1.07353, 0.29207,58.04836,971.36278,3984.05579,-5.91769, 0.04588, 0.23273,
 5.00000,1505.19171,-2.87208,19991.15773,-3.69250,17.92360,-1.53675,302.23123,18.40510,-0.20581,-0.12228, 2.65937,-0.17938, 0.30045,-0.00513, 1.08254, 0.29193,57.99315,971.37342,3984.05579,-5.91505, 0.04588, 0.23273,
 5.10000,1535.40393,-3.18835,19990.93629,-3.70148,18.17958,-1.56957,302.05780,18.58156,-0.23225, 0.14820, 2.45948,-0.11299, 0.30084,-0.00515, 1.09788, 0.29176,57.92704,971.38246,3984.05579,-5.05000, 0.04588, 0.23273,
 5.20000,1565.59759,-3.52855,19990.75789,-3.68023,18.41070,-1.59367,301.86124,18.72757,-0.25614, 0.42929, 2.17954,-0.04584, 0.30108,-0.00511, 1.10319, 0.29157,57.85203,971.38975,3984.05579,-4.93525, 0.04588, 0.23273,
 5.30000,1595.77069,-3.89259,19990.62425,-3.62774,18.61389,-1.60866,301.64825,18.84318,-0.27678, 0.71634, 1.89497, 0.02145, 0.30120,-0.00503, 1.10572, 0.29137,57.77067,971.39521,3984.05579,-4.92002, 0.04588, 0.23273,
 5.40000,1625.92169,-4.28012,19990.53614,-3.54355,18.78942,-1.61447,301.42237,18.92989,-0.29361, 1.00447, 1.61687, 0.08815, 0.30119,-0.00492, 1.10654, 0.29115,57.68436,971.39881,3984.05579,-4.91800, 0.04588, 0.23273,
 5.50000,1656.04939,-4.69058,19990.49377,-3.42779,18.93803,-1.61124,301.18665,18.98943,-0.30621, 1.28871, 1.34779, 0.15366, 0.30106,-0.00479, 1.10588, 0.29092,57.59426,971.40054,3984.05579,-4.91774, 0.04588, 0.23273,
 5.60000,1686.15285,-5.12315,19990.49693,-3.28112,19.06066,-1.59917,300.94391,19.02359,-0.31433, 1.56411, 1.08903, 0.21750, 0.30083,-0.00466, 1.10391, 0.29069,57.50145,971.40041,3984.05579,-4.91770, 0.04588, 0.23273,
 5.70000,1716.23145,-5.57685,19990.54498,-3.10475,19.15832,-1.57860,300.69681,19.03418,-0.31787, 1.82597, 0.84160, 0.27931, 0.30050,-0.00454, 1.10074, 0.29045,57.40697,971.39845,3984.05579,-4.91769, 0.04588, 0.23273,
 5.80000,1746.28481,-6.05049,19990.63697,-2.90036,19.23214,-1.54992,300.44780,19.02303,-0.31690, 2.06997, 0.60639, 0.33882, 0.30010,-0.00442, 1.09650, 0.29021,57.31175,971.39469,3984.05579,-4.91769, 0.04588, 0.23273,
 5.90000,1776.31281,-6.54270,19990.77161,-2.67006,19.28328,-1.51358,300.19916,18.99197,-0.31166, 2.29233, 0.38411, 0.39583, 0.29961,-0.00431, 1.09131, 0.28997,57.21667,971.38919,3984.05579,-4.91769, 0.04588, 0.23273,
 6.00000,1806.31555,-7.05198,19990.94732,-2.41636,19.31298,-1.47010,299.95296,18.94281,-0.30251, 2.48992, 0.17534, 0.45017, 0.29907,-0.00421, 1.08530, 0.28973,57.12252,971.38201,3984.05579,-4.91769, 0.04588, 0.23273,
 6.10000,1836.29334,-7.57670,19991.16228,-2.14204,19.32255,-1.42002,299.71107,18.87733,-0.28992, 2.66032,-0.01948, 0.50172, 0.29847,-0.00413, 1.07858, 0.28950,57.03001,971.37324,3984.05579,-4.91769, 0.04588, 0.23273,
 6.20000,1866.24669,-8.11510,19991.41446,-1.85012,19.31329,-1.36388,299.47514,18.79731,-0.27444, 2.80188,-0.20008, 0.55035, 0.29782,-0.00406, 1.07126, 0.28927,56.93978,971.36294,3984.05579,-4.91769, 0.04588, 0.23273,
 6.30000,1896.17628,-8.66537,19991.70164,-1.54372,19.28656,-1.30226,299.24666,18.70444,-0.25669, 2.91375,-0.36629, 0.59596, 0.29714,-0.00399, 1.06343, 0.28905,56.85237,971.35121,3984.05579,-4.91769, 0.04588, 0.23273,
 6.40000,1926.08292,-9.22562,19992.02145,-1.22605,19.24372,-1.23575,299.02690,18.60042,-0.23729, 2.99581,-0.51813, 0.63842, 0.29642,-0.00392, 1.05521, 0.28884,56.76829,971.33815,3984.05579,-4.91769, 0.04588, 0.23273,
 6.50000,1955.96757,-9.79392,19992.37137,-0.90027,19.18614,-1.16489,298.81695,18.48685,-0.21687, 3.04865,-0.65568, 0.67762, 0.29569,-0.00384, 1.04668, 0.28864,56.68793,971.32386,3984.05579,-4.91769, 0.04588, 0.23273,
 6.60000,1985.83131,-10.36832,19992.74880,-0.56945,19.11518,-1.09027,298.61774,18.36528,-0.19602, 3.07350,-0.77918, 0.71341, 0.29494,-0.00376, 1.03793, 0.28844,56.61165,971.30844,3984.05579,-4.91769, 0.04588, 0.23273,
 6.70000,2015.67528,-10.94687,19993.15107,-0.23652,19.03218,-1.01244,298.43003,18.23719,-0.17527, 3.07210,-0.88895, 0.74567, 0.29418,-0.00367, 1.02904, 0.28826,56.53973,971.29202,3984.05579,-4.91769, 0.04588, 0.23273,
 6.80000,2045.50072,-11.52765,19993.57544, 0.09580,18.93844,-0.93192,298.25442,18.10399,-0.15509, 3.04663,-0.98540, 0.77426, 0.29342,-0.00356, 1.02008, 0.28809,56.47240,971.27469,3984.05579,-4.91769, 0.04588, 0.23273,
 6.90000,2075.30894,-12.10875,19994.01914, 0.42504,18.83526,-0.84924,298.09139,17.96699,-0.13585, 2.99956,-1.06900, 0.79904, 0.29267,-0.00344, 1.01113, 0.28794,56.40983,971.25657,3984.05579,-4.91769, 0.04588, 0.23273,
 7.00000,2105.10127,-12.68830,19994.47941, 0.74899,18.72387,-0.76491,297.94127,17.82744,-0.11784, 2.93355,-1.14028, 0.81988, 0.29192,-0.00329, 1.00225, 0.28779,56.35215,971.23777,3984.05579,-4.91769, 0.04588, 0.23273,
 7.10000,2134.87910,-13.26452,19994.95347, 1.06572,18.60547,-0.67942,297.80429,17.68649,-0.10125, 2.85134,-1.19983, 0.83669, 0.29118,-0.00313, 0.99348, 0.28766,56.29944,971.21842,3984.05579,-4.91769, 0.04588, 0.23273,
 7.20000,2164.64379,-13.83564,19995.43859, 1.37358,18.48121,-0.59324,297.68049,17.54521,-0.08617, 2.75583,-1.24806, 0.84934, 0.29038,-0.00296, 0.98487, 0.28754,56.25172,971.19861,3984.05579,-4.91769, 0.04588, 0.23273,
 7.30000,2194.39674,-14.40001,19995.93204, 1.67130,18.35230,-0.50683,297.56933,17.40474,-0.07259, 2.65159,-1.28329, 0.85755, 0.28935,-0.00276, 0.97646, 0.28743,56.20877,971.17846,3984.05579,-4.91769, 0.04588, 0.23273,
 7.40000,2224.13923,-14.95601,19996.43117, 1.95807,18.22016,-0.42066,297.47012,17.26638,-0.06029, 2.54228,-1.30383, 0.86110, 0.28822,-0.00256, 0.96836, 0.28734,56.17035,971.15808,3984.05579,-4.91769, 0.04588, 0.23273,
 7.50000,2253.87251,-15.50214,19996.93335, 2.23333,18.08631,-0.33515,297.38237,17.13142,-0.04902, 2.42963,-1.30930, 0.86005, 0.28708,-0.00237, 0.96066, 0.28726,56.13626,971.13757,3984.05579,-4.91769, 0.04588, 0.23273,
 7.60000,2283.59776,-16.03693,19997.43609, 2.49667,17.95230,-0.25070,297.30563,17.00111,-0.03848, 2.31435,-1.30003, 0.85460, 0.28598,-0.00219, 0.95342, 0.28718,56.10634,971.11704,3984.05579,-4.91769, 0.04588, 0.23273,
 7.70000,2313.31612,-16.55905,19997.93703, 2.74774,17.81959,-0.16766,297.23945,16.87660,-0.02838, 2.19661,-1.27678, 0.84508, 0.28493,-0.00202, 0.94670, 0.28712,56.08041,971.09659,3984.05579,-4.91769, 0.04588, 0.23273,
 7.80000,2343.02867,-17.06720,19998.43398, 2.98622,17.68958,-0.08632,297.18333,16.75892,-0.01851, 2.07630,-1.24056, 0.83187, 0.28395,-0.00188, 0.94053, 0.28706,56.05829,971.07630,3984.05579,-4.91769, 0.04588, 0.23273,
 7.90000,2372.73645,-17.56019,19998.92490, 3.21176,17.56355,-0.00691,297.13671,16.64896,-0.00867, 1.95318,-1.19258, 0.81542, 0.28306,-0.00177, 0.93494, 0.28702,56.03977,971.05626,3984.05579,-4.91769, 0.04588, 0.23273,
 8.00000,2402.44042,-18.03690,19999.40795, 3.42405,17.44266, 0.07040,297.09900,16.54749, 0.00128, 1.82704,-1.13416, 0.79622, 0.28225,-0.00168, 0.92995, 0.28698,56.02463,971.03654,3984.05579,-4.91769, 0.04588, 0.23273,
 8.10000,2432.14145,-18.49630,19999.88145, 3.62274,17.32793, 0.14548,297.06957,16.45510, 0.01139, 1.69757,-1.06673, 0.77475, 0.28154,-0.00164, 0.92555, 0.28696,56.01264,971.01720,3984.05579,-4.91769, 0.04588, 0.23273,
 8.20000,2461.84038,-18.93741,20000.34395, 3.80749,17.22022, 0.21826,297.04777,16.37225, 0.02166, 1.56470,-0.99177, 0.75154, 0.28092,-0.00163, 0.92176, 0.28694,56.00354,970.99832,3984.05579,-4.91769, 0.04588, 0.23273,
 8.30000,2491.53795,-19.35937,20000.79416, 3.97799,17.12025, 0.28871,297.03290,16.29926, 0.03206, 1.42869,-0.91078, 0.72712, 0.28039,-0.00165, 0.91858, 0.28692,55.99708,970.97994,3984.05579,-4.91769, 0.04588, 0.23273,
 8.40000,2521.23482,-19.76136,20001.23100, 4.13395,17.02858, 0.35685,297.02424,16.23629, 0.04248, 1.28997,-0.82523, 0.70201, 0.27995,-0.00170, 0.91600, 0.28691,55.99298,970.96211,3984.05579,-4.91769, 0.04588, 0.23273,
 8.50000,2550.93159,-20.14266,20001.65360, 4.27517,16.94562, 0.42275,297.02109,16.18336, 0.05279, 1.14916,-0.73660, 0.67669, 0.27960,-0.00177, 0.91399, 0.28691,55.99099,970.94485,3984.05579,-4.91769, 0.04588, 0.23273,
 8.60000,2580.62876,-20.50261,20002.06125, 4.40153,16.87164, 0.48649,297.02272,16.14038, 0.06282, 1.00710,-0.64630, 0.65159, 0.27934,-0.00186, 0.91253, 0.28691,55.99084,970.92821,3984.05579,-4.91769, 0.04588, 0.23273,
 8.70000,2610.32678,-20.84063,20002.45344, 4.51299,16.80676, 0.54820,297.02844,16.10712, 0.07239, 0.86477,-0.55569, 0.62709, 0.27915,-0.00197, 0.91160, 0.28692,55.99225,970.91220,3984.05579,-4.91769, 0.04588, 0.23273,
 8.80000,2640.02599,-21.15619,20002.82981, 4.60965,16.75095, 0.60801,297.03757,16.08324, 0.08129, 0.72331,-0.46602, 0.60353, 0.27904,-0.00209, 0.91116, 0.28693,55.99498,970.89684,3984.05579,-4.91769, 0.04588, 0.23273,
 8.90000,2669.72669,-21.44885,20003.19020, 4.69170,16.70409, 0.66608,297.04942,16.06832, 0.08933, 0.58396,-0.37846, 0.58117, 0.27901,-0.00222, 0.91117, 0.28694,55.99876,970.88212,3984.05579,-4.91769, 0.04588, 0.23273,
 9.00000,2699.42910,-21.71823,20003.53456, 4.75948,16.66590, 0.72255,297.06338,16.06182, 0.09634, 0.44805,-0.29405, 0.56024, 0.27904,-0.00234, 0.91159, 0.28695,56.00337,970.86807,3984.05579,-4.91769, 0.04588, 0.23273,
 9.10000,2729.13336,-21.96400,20003.86300, 4.81346,16.63605, 0.77759,297.07884,16.06317, 0.10214, 0.31695,-0.21372, 0.54087, 0.27912,-0.00247, 0.91238, 0.28697,56.00858,970.85466,3984.05579,-4.91769, 0.04588, 0.23273,
 9.20000,2758.83959,-22.18591,20004.17576, 4.85423,16.61407, 0.83136,297.09523,16.07169, 0.10659, 0.19199,-0.13826, 0.52318, 0.27927,-0.00259, 0.91351, 0.28699,56.01417,970.84189,3984.05579,-4.91769, 0.04588, 0.23273,
 9.30000,2788.54780,-22.38374,20004.47318, 4.88253,16.59946, 0.88400,297.11204,16.08670, 0.10960, 0.07448,-0.06832, 0.50720, 0.27946,-0.00270, 0.91492, 0.28700,56.01994,970.82975,3984.05579,-4.91769, 0.04588, 0.23273,
 9.40000,2818.25799,-22.55736,20004.75569, 4.89922,16.59162, 0.93566,297.12878,16.10745, 0.11109,-0.03435,-0.00442, 0.49294, 0.27969,-0.00279, 0.91657, 0.28702,56.02572,970.81822,3984.05579,-4.91769, 0.04588, 0.23273,
 9.50000,2847.97010,-22.70666,20005.02383, 4.90525,16.58994, 0.98646,297.14503,16.13319, 0.11105,-0.13341, 0.05304, 0.48037, 0.27995,-0.00288, 0.91842, 0.28704,56.03134,970.80727,3984.05579,-4.91769, 0.04588, 0.23273,
 9.60000,2877.68403,-22.83158,20005.27818, 4.90169,16.59375, 1.03652,297.16041,16.16316, 0.10950,-0.22176, 0.10382, 0.46940, 0.28025,-0.00294, 0.92043, 0.28705,56.03665,970.79689,3984.05579,-4.91769, 0.04588, 0.23273,
 9.70000,2907.39964,-22.93212,20005.51938, 4.88969,16.60238, 1.08595,297.17459,16.19660, 0.10650,-0.29866, 0.14776, 0.45996, 0.28056,-0.00300, 0.92255, 0.28706,56.04154,970.78704,3984.05579,-4.91769, 0.04588, 0.23273,
 9.80000,2937.11677,-23.00828,20005.74813, 4.87045,16.61512, 1.13482,297.18728,16.23276, 0.10216,-0.36355, 0.18483, 0.45192, 0.28089,-0.00303, 0.92475, 0.28708,56.04590,970.77771,3984.05579,-4.91769, 0.04588, 0.23273,
 9.90000,2966.83522,-23.06012,20005.96514, 4.84521,16.63131, 1.18323,297.19827,16.27094, 0.09661,-0.41613, 0.21512, 0.44516, 0.28123,-0.00305, 0.92699, 0.28709,56.04963,970.76885,3984.05579,-4.91769, 0.04588, 0.23273,
10.00000,2996.55479,-23.08772,20006.17114, 4.81523,16.65025, 1.23122,297.20737,16.31044, 0.09004,-0.45629, 0.23879, 0.43956, 0.28158,-0.00306, 0.92924, 0.28710,56.05267,970.76044,3984.05579,-4.91769, 0.04588, 0.23273,
10.10000,3026.27526,-23.09118,20006.36686, 4.78176,16.67131, 1.27886,297.21445,16.35062, 0.08264,-0.48421, 0.25609, 0.43499, 0.28192,-0.00305, 0.93146, 0.28710,56.05497,970.75245,3984.05579,-4.91769, 0.04588, 0.23273,
10.20000,3055.99638,-23.07062,20006.55303, 4.74603,16.69384, 1.32619,297.21943,16.39088, 0.07464,-0.50026, 0.26733, 0.43132, 0.28226,-0.00304, 0.93363, 0.28711,56.05650,970.74485,3984.05579,-4.91769, 0.04588, 0.23273,
10.30000,3085.71792,-23.02617,20006.73036, 4.70919,16.71726, 1.37324,297.22228,16.43068, 0.06627,-0.50507, 0.27288, 0.42843, 0.28259,-0.00302, 0.93572, 0.28711,56.05723,970.73761,3984.05579,-4.91769, 0.04588, 0.23273,
10.40000,3115.43964,-22.95796,20006.89954, 4.67236,16.74102, 1.42004,297.22299,16.46951, 0.05775,-0.49944, 0.27316, 0.42622, 0.28291,-0.00299, 0.93770, 0.28711,56.05718,970.73071,3984.05579,-4.91769, 0.04588, 0.23273,
10.50000,3145.16130,-22.86612,20007.06122, 4.63652,16.76460, 1.46662,297.22160,16.50695, 0.04933,-0.48438, 0.26862, 0.42461, 0.28321,-0.00296, 0.93957, 0.28711,56.05635,970.72411,3984.05579,-4.91769, 0.04588, 0.23273,
10.60000,3174.88268,-22.75080,20007.21601, 4.60257,16.78755, 1.51298,297.21820,16.54261, 0.04121,-0.46104, 0.25974, 0.42350, 0.28349,-0.00293, 0.94131, 0.28711,56.05477,970.71779,3984.05579,-4.91769, 0.04588, 0.23273,
10.70000,3204.60356,-22.61211,20007.36449, 4.57127,16.80946, 1.55916,297.21288,16.57617, 0.03361,-0.43069, 0.24701, 0.42283, 0.28375,-0.00290, 0.94289, 0.28710,56.05248,970.71173,3984.05579,-4.91769, 0.04588, 0.23273,
10.80000,3234.32372,-22.45019,20007.50718, 4.54327,16.82994, 1.60516,297.20578,16.60737, 0.02669,-0.39469, 0.23093, 0.42256, 0.28399,-0.00287, 0.94432, 0.28710,56.04954,970.70591,3984.05579,-4.91769, 0.04588, 0.23273,
10.90000,3264.04298,-22.26514,20007.64455, 4.51907,16.84871, 1.65100,297.19705,16.63599, 0.02060,-0.35444, 0.21200, 0.42263, 0.28420,-0.00285, 0.94558, 0.28709,56.04598,970.70030,3984.05579,-4.91769, 0.04588, 0.23273,
11.00000,3293.76116,-22.05705,20007.77701, 4.49901,16.86547, 1.69670,297.18688,16.66187, 0.01546,-0.31135, 0.19071, 0.42302, 0.28439,-0.00283, 0.94668, 0.28708,56.04190,970.69489,3984.05579,-4.91769, 0.04588, 0.23273,
11.10000,3323.47811,-21.82600,20007.90492, 4.48332,16.88003, 1.74227,297.17545,16.68490, 0.01133,-0.26678, 0.16754, 0.42371, 0.28455,-0.00282, 0.94760, 0.28707,56.03734,970.68967,3984.05579,-4.91769, 0.04588, 0.23273,
11.20000,3353.19370,-21.57205,20008.02860, 4.47209,16.89220, 1.78773,297.16296,16.70502, 0.00827,-0.22206, 0.14294, 0.42467, 0.28468,-0.00282, 0.94836, 0.28706,56.03240,970.68462,3984.05579,-4.91769, 0.04588, 0.23273,
11.30000,3382.90780,-21.29525,20008.14829, 4.46527,16.90187, 1.83310,297.14962,16.72222, 0.00628,-0.17838, 0.11737, 0.42590, 0.28480,-0.00283, 0.94896, 0.28704,56.02714,970.67974,3984.05579,-4.91769, 0.04588, 0.23273,
11.40000,3412.62033,-20.99563,20008.26418, 4.46271,16.90895, 1.87840,297.13564,16.73651, 0.00533,-0.13682, 0.09121, 0.42739, 0.28488,-0.00284, 0.94939, 0.28703,56.02165,970.67501,3984.05579,-4.91769, 0.04588, 0.23273,
11.50000,3442.33122,-20.67318,20008.37642, 4.46414,16.91340, 1.92366,297.12124,16.74794, 0.00537,-0.09831, 0.06486, 0.42913, 0.28495,-0.00286, 0.94967, 0.28702,56.01601,970.67043,3984.05579,-4.91769, 0.04588, 0.23273,
11.60000,3472.04041,-20.32792,20008.48510, 4.46925,16.91521, 1.96890,297.10664,16.75661, 0.00630,-0.06361, 0.03867, 0.43111, 0.28499,-0.00289, 0.94981, 0.28700,56.01029,970.66599,3984.05579,-4.91769, 0.04588, 0.23273,
11.70000,3501.74787,-19.95982,20008.59026, 4.47760,16.91441, 2.01415,297.09203,16.76262, 0.00803,-0.03330, 0.01296, 0.43332, 0.28500,-0.00292, 0.94982, 0.28699,56.00458,970.66170,3984.05579,-4.91769, 0.04588, 0.23273,
11.80000,3531.45360,-19.56884,20008.69191, 4.48876,16.91105, 2.05943,297.07761,16.76613, 0.01042,-0.00779,-0.01199, 0.43575, 0.28500,-0.00295, 0.94970, 0.28697,55.99896,970.65755,3984.05579,-4.91769, 0.04588, 0.23273,
11.90000,3561.15761,-19.15494,20008.79001, 4.50224,16.90523, 2.10477,297.06358,16.76729, 0.01335, 0.01270,-0.03592, 0.43836, 0.28498,-0.00299, 0.94947, 0.28696,55.99348,970.65355,3984.05579,-4.91769, 0.04588, 0.23273,
12.00000,3590.85993,-18.71806,20008.88449, 4.51753,16.89705, 2.15020,297.05011,16.76627, 0.01667, 0.02813,-0.05863, 0.44114, 0.28495,-0.00303, 0.94914, 0.28695,55.98822,970.64969,3984.05579,-4.91769, 0.04588, 0.23273,
12.10000,3620.56059,-18.25815,20008.97522, 4.53414,16.88664, 2.19573,297.03737,16.76327, 0.02023, 0.03860,-0.07992, 0.44405, 0.28490,-0.00307, 0.94873, 0.28694,55.98325,970.64599,3984.05579,-4.91769, 0.04588, 0.23273,
12.20000,3650.25968,-17.77514,20009.06208, 4.55158,16.87415, 2.24141,297.02551,16.75847, 0.02390, 0.04437,-0.09964, 0.44706, 0.28483,-0.00310, 0.94824, 0.28692,55.97861,970.64244,3984.05579,-4.91769, 0.04588, 0.23273,
12.30000,3679.95725,-17.26895,20009.14490, 4.56942,16.85973, 2.28723,297.01467,16.75210, 0.02754, 0.04581,-0.11768, 0.45012, 0.28476,-0.00313, 0.94769, 0.28691,55.97437,970.63906,3984.05579,-4.91769, 0.04588, 0.23273,
12.40000,3709.65339,-16.73952,20009.22351, 4.58725,16.84357, 2.33322,297.00496,16.74435, 0.03105, 0.04338,-0.13395, 0.45318, 0.28468,-0.00316, 0.94709, 0.28690,55.97056,970.63585,3984.05579,-4.91769, 0.04588, 0.23273,
12.50000,3739.34822,-16.18676,20009.29771, 4.60469,16.82584, 2.37939,296.99650,16.73543, 0.03432, 0.03763,-0.14838, 0.45619, 0.28458,-0.00318, 0.94646, 0.28690,55.96723,970.63283,3984.05579,-4.91769, 0.04588, 0.23273,
12.60000,3769.04183,-15.61061,20009.36728, 4.62146,16.80673, 2.42574,296.98937,16.72555, 0.03726, 0.02913,-0.16095, 0.45911, 0.28449,-0.00320, 0.94580, 0.28689,55.96442,970.62999,3984.05579,-4.91769, 0.04588, 0.23273,
12.70000,3798.73434,-15.01099,20009.43201, 4.63731,16.78642, 2.47229,296.98365,16.71491, 0.03982, 0.01851,-0.17165, 0.46187, 0.28439,-0.00321, 0.94512, 0.28688,55.96214,970.62734,3984.05579,-4.91769, 0.04588, 0.23273,
12.80000,3828.42588,-14.38784,20009.49168, 4.65205,16.76510, 2.51901,296.97940,16.70370, 0.04196, 0.00635,-0.18049, 0.46442, 0.28429,-0.00321, 0.94444, 0.28688,55.96042,970.62491,3984.05579,-4.91769, 0.04588, 0.23273,
12.90000,3858.11658,-13.74108,20009.54606, 4.66555,16.74297, 2.56591,296.97666,16.69211, 0.04364,-0.00676,-0.18751, 0.46672, 0.28418,-0.00320, 0.94377, 0.28688,55.95929,970.62269,3984.05579,-4.91769, 0.04588, 0.23273,
13.00000,3887.80656,-13.07066,20009.59494, 4.67775,16.72019, 2.61297,296.97547,16.68030, 0.04488,-0.02028,-0.19277, 0.46871, 0.28408,-0.00319, 0.94311, 0.28688,55.95874,970.62069,3984.05579,-4.91769, 0.04588, 0.23273,
13.10000,3917.49597,-12.37653,20009.63809, 4.68862,16.69696, 2.66018,296.97583,16.66846, 0.04569,-0.03373,-0.19634, 0.47036, 0.28398,-0.00318, 0.94248, 0.28688,55.95880,970.61893,3984.05579,-4.91769, 0.04588, 0.23273,
13.20000,3947.18493,-11.65862,20009.67532, 4.69818,16.67342, 2.70750,296.97775,16.65671, 0.04609,-0.04672,-0.19832, 0.47163, 0.28388,-0.00316, 0.94187, 0.28688,55.95945,970.61741,3984.05579,-4.91769, 0.04588, 0.23273,
13.30000,3976.87359,-10.91689,20009.70640, 4.70648,16.64975, 2.75491,296.98124,16.64520, 0.04615,-0.05892,-0.19879, 0.47250, 0.28379,-0.00313, 0.94130, 0.28688,55.96071,970.61614,3984.05579,-4.91769, 0.04588, 0.23273,
13.40000,4006.56207,-10.15129,20009.73117, 4.71362,16.62609, 2.80239,296.98626,16.63406, 0.04590,-0.07007,-0.19788, 0.47294, 0.28370,-0.00310, 0.94077, 0.28689,55.96255,970.61513,3984.05579,-4.91769, 0.04588, 0.23273,
13.50000,4036.25051,-9.36179,20009.74944, 4.71968,16.60258, 2.84989,296.99280,16.62339, 0.04543,-0.08003,-0.19569, 0.47296, 0.28362,-0.00307, 0.94028, 0.28689,55.96498,970.61439,3984.05579,-4.91769, 0.04588, 0.23273,
13.60000,4065.93903,-8.54835,20009.76105, 4.72480,16.57934, 2.89739,297.00081,16.61328, 0.04478,-0.08871,-0.19236, 0.47255, 0.28354,-0.00304, 0.93984, 0.28690,55.96798,970.61391,3984.05579,-4.91769, 0.04588, 0.23273,
13.70000,4095.62776,-7.71094,20009.76586, 4.72908,16.55649, 2.94484,297.01026,16.60381, 0.04404,-0.09612,-0.18801, 0.47172, 0.28347,-0.00301, 0.93945, 0.28691,55.97153,970.61372,3984.05579,-4.91769, 0.04588, 0.23273,
13.80000,4125.31683,-6.84952,20009.76374, 4.73264,16.53412, 2.99223,297.02110,16.59504, 0.04326,-0.10231,-0.18278, 0.47050, 0.28341,-0.00298, 0.93911, 0.28692,55.97562,970.61380,3984.05579,-4.91769, 0.04588, 0.23273,
13.90000,4155.00633,-5.96408,20009.75457, 4.73559,16.51232, 3.03951,297.03327,16.58703, 0.04251,-0.10742,-0.17679, 0.46891, 0.28336,-0.00295, 0.93883, 0.28693,55.98022,970.61418,3984.05579,-4.91769, 0.04588, 0.23273,
14.00000,4184.69639,-5.05458,20009.73827, 4.73803,16.49116, 3.08666,297.04671,16.57980, 0.04184,-0.11161,-0.17018, 0.46700, 0.28331,-0.00293, 0.93860, 0.28695,55.98532,970.61484,3984.05579,-4.91769, 0.04588, 0.23273,
14.10000,4214.38710,-4.12100,20009.71475, 4.74002,16.47070, 3.13365,297.06137,16.57340, 0.04130,-0.11508,-0.16306, 0.46481, 0.28327,-0.00291, 0.93842, 0.28696,55.99089,970.61580,3984.05579,-4.91769, 0.04588, 0.23273,
14.20000,4244.07856,-3.16333,20009.68395, 4.74162,16.45099, 3.18045,297.07718,16.56781, 0.04093,-0.11806,-0.15557, 0.46238, 0.28324,-0.00289, 0.93830, 0.28698,55.99691,970.61706,3984.05579,-4.91769, 0.04588, 0.23273,
14.30000,4273.77086,-2.18154,20009.64584, 4.74287,16.43206, 3.22705,297.09407,16.56305, 0.04074,-0.12076,-0.14783, 0.45977, 0.28322,-0.00288, 0.93823, 0.28699,56.00335,970.61862,3984.05579,-4.91769, 0.04588, 0.23273,
14.40000,4303.46408,-1.17563,20009.60038, 4.74377,16.41393, 3.27344,297.11199,16.55910, 0.04075,-0.12341,-0.13994, 0.45703, 0.28321,-0.00287, 0.93820, 0.28701,56.01020,970.62047,3984.05579,-4.91769, 0.04588, 0.23273,
14.50000,4333.15831,-0.14558,20009.54757, 4.74433,16.39661, 3.31960,297.13087,16.55595, 0.04096,-0.12621,-0.13201, 0.45422, 0.28320,-0.00287, 0.93823, 0.28703,56.01741,970.62263,3984.05579,-4.91769, 0.04588, 0.23273,
14.60000,4362.85361, 0.90862,20009.48741, 4.74452,16.38010, 3.36553,297.15063,16.55356, 0.04136,-0.12934,-0.12413, 0.45139, 0.28320,-0.00287, 0.93829, 0.28705,56.02498,970.62508,3984.05579,-4.91769, 0.04588, 0.23273,
14.70000,4392.55005, 1.98697,20009.41992, 4.74429,16.36440, 3.41123,297.17123,16.55190, 0.04194,-0.13294,-0.11640, 0.44859, 0.28320,-0.00288, 0.93840, 0.28707,56.03288,970.62784,3984.05579,-4.91769, 0.04588, 0.23273,
14.80000,4422.24768, 3.08949,20009.34514, 4.74360,16.34947, 3.45671,297.19260,16.55092, 0.04266,-0.13711,-0.10889, 0.44587, 0.28322,-0.00289, 0.93855, 0.28709,56.04108,970.63089,3984.05579,-4.91769, 0.04588, 0.23273,
14.90000,4451.94656, 4.21617,20009.26310, 4.74239,16.33531, 3.50198,297.21469,16.55057, 0.04348,-0.14191,-0.10167, 0.44328, 0.28323,-0.00290, 0.93873, 0.28711,56.04956,970.63424,3984.05579,-4.91769, 0.04588, 0.23273,
15.00000,4481.64674, 5.36702,20009.17388, 4.74060,16.32187, 3.54703,297.23743,16.55082, 0.04438,-0.14735,-0.09481, 0.44083, 0.28325,-0.00292, 0.93894, 0.28713,56.05831,970.63788,3984.05579,-4.91769, 0.04588, 0.23273,
15.10000,4511.34825, 6.54203,20009.07753, 4.73817,16.30911, 3.59190,297.26078,16.55159, 0.04531,-0.15339,-0.08835, 0.43857, 0.28328,-0.00294, 0.93918, 0.28715,56.06730,970.64181,3984.05579,-4.91769, 0.04588, 0.23273,
15.20000,4541.05115, 7.74118,20008.97413, 4.73506,16.29700, 3.63660,297.28469,16.55283, 0.04623,-0.15996,-0.08233, 0.43651, 0.28331,-0.00296, 0.93945, 0.28717,56.07652,970.64603,3984.05579,-4.91769, 0.04588, 0.23273,
15.30000,4570.75545, 8.96448,20008.86377, 4.73121,16.28548, 3.68114,297.30912,16.55448, 0.04709,-0.16694,-0.07680, 0.43466, 0.28334,-0.00298, 0.93973, 0.28720,56.08594,970.65054,3984.05579,-4.91769, 0.04588, 0.23273,
15.40000,4600.46119,10.21191,20008.74654, 4.72660,16.27450, 3.72554,297.33403,16.55648, 0.04785,-0.17421,-0.07176, 0.43304, 0.28338,-0.00299, 0.94004, 0.28722,56.09556,970.65532,3984.05579,-4.91769, 0.04588, 0.23273,
15.50000,4630.16840,11.48344,20008.62253, 4.72122,16.26402, 3.76983,297.35938,16.55877, 0.04849,-0.18158,-0.06724, 0.43165, 0.28342,-0.00301, 0.94035, 0.28725,56.10537,970.66038,3984.05579,-4.91769, 0.04588, 0.23273,
15.60000,4659.87710,12.77906,20008.49186, 4.71507,16.25398, 3.81402,297.38515,16.56129, 0.04897,-0.18888,-0.06324, 0.43046, 0.28346,-0.00303, 0.94068, 0.28727,56.11534,970.66572,3984.05579,-4.91769, 0.04588, 0.23273,
15.70000,4689.58730,14.09873,20008.35463, 4.70817,16.24432, 3.85812,297.41129,16.56399, 0.04927,-0.19590,-0.05977, 0.42948, 0.28350,-0.00304, 0.94102, 0.28730,56.12547,970.67132,3984.05579,-4.91769, 0.04588, 0.23273,
15.80000,4719.29904,15.44245,20008.21094, 4.70056,16.23500, 3.90217,297.43781,16.56680, 0.04938,-0.20248,-0.05680, 0.42868, 0.28354,-0.00305, 0.94136, 0.28732,56.13575,970.67718,3984.05579,-4.91769, 0.04588, 0.23273,
15.90000,4749.01232,16.81016,20008.06091, 4.69230,16.22596, 3.94616,297.46466,16.56968, 0.04928,-0.20842,-0.05435, 0.42804, 0.28358,-0.00306, 0.94170, 0.28735,56.14617,970.68331,3984.05579,-4.91769, 0.04588, 0.23273,
16.00000,4778.72716,18.20184,20007.90465, 4.68347,16.21715, 3.99010,297.49184,16.57258, 0.04899,-0.21356,-0.05237, 0.42753, 0.28362,-0.00306, 0.94204, 0.28737,56.15673,970.68968,3984.05579,-4.91769, 0.04588, 0.23273,
16.10000,4808.44357,19.61745,20007.74228, 4.67416,16.20852, 4.03402,297.51934,16.57545, 0.04851,-0.21776,-0.05085, 0.42714, 0.28367,-0.00307, 0.94238, 0.28740,56.16742,970.69631,3984.05579,-4.91769, 0.04588, 0.23273,
16.20000,4838.16157,21.05696,20007.57389, 4.66447,16.20003, 4.07791,297.54715,16.57824, 0.04785,-0.22092,-0.04975, 0.42683, 0.28371,-0.00307, 0.94271, 0.28743,56.17824,970.70318,3984.05579,-4.91769, 0.04588, 0.23273,
16.30000,4867.88117,22.52033,20007.39961, 4.65450,16.19165, 4.12178,297.57527,16.58093, 0.04705,-0.22295,-0.04906, 0.42657, 0.28375,-0.00306, 0.94304, 0.28745,56.18919,970.71030,3984.05579,-4.91769, 0.04588, 0.23273,
16.40000,4897.60239,24.00751,20007.21955, 4.64437,16.18332, 4.16563,297.60368,16.58348, 0.04612,-0.22382,-0.04872, 0.42634, 0.28379,-0.00306, 0.94336, 0.28748,56.20026,970.71765,3984.05579,-4.91769, 0.04588, 0.23273,
16.50000,4927.32523,25.51847,20007.03380, 4.63421,16.17502, 4.20945,297.63240,16.58586, 0.04510,-0.22353,-0.04871, 0.42612, 0.28382,-0.00305, 0.94367, 0.28751,56.21146,970.72523,3984.05579,-4.91769, 0.04588, 0.23273,
16.60000,4957.04971,27.05316,20006.84247, 4.62412,16.16672, 4.25325,297.66142,16.58804, 0.04403,-0.22211,-0.04898, 0.42589, 0.28386,-0.00304, 0.94398, 0.28754,56.22279,970.73304,3984.05579,-4.91769, 0.04588, 0.23273,
16.70000,4986.77584,28.61156,20006.64566, 4.61420,16.15838, 4.29702,297.69075,16.59000, 0.04293,-0.21964,-0.04949, 0.42562, 0.28389,-0.00303, 0.94427, 0.28756,56.23425,970.74107,3984.05579,-4.91769, 0.04588, 0.23273,
16.80000,5016.50364,30.19361,20006.44346, 4.60457,16.15000, 4.34076,297.72040,16.59174, 0.04185,-0.21621,-0.05021, 0.42531, 0.28392,-0.00302, 0.94455, 0.28759,56.24583,970.74932,3984.05579,-4.91769, 0.04588, 0.23273,
16.90000,5046.23313,31.79929,20006.23597, 4.59531,16.14154, 4.38445,297.75037,16.59323, 0.04082,-0.21196,-0.05109, 0.42494, 0.28395,-0.00301, 0.94481, 0.28762,56.25755,970.75779,3984.05579,-4.91769, 0.04588, 0.23273,
17.00000,5075.96431,33.42856,20006.02328, 4.58648,16.13300, 4.42810,297.78067,16.59447, 0.03987,-0.20705,-0.05209, 0.42451, 0.28398,-0.00300, 0.94507, 0.28765,56.26941,970.76648,3984.05579,-4.91769, 0.04588, 0.23273,
17.10000,5105.69720,35.08139,20005.80546, 4.57815,16.12436, 4.47168,297.81132,16.59546, 0.03902,-0.20165,-0.05317, 0.42401, 0.28401,-0.00299, 0.94531, 0.28768,56.28141,970.77537,3984.05579,-4.91769, 0.04588, 0.23273,
17.20000,5135.43183,36.75773,20005.58260, 4.57035,16.11563, 4.51520,297.84231,16.59620, 0.03831,-0.19594,-0.05431, 0.42345, 0.28403,-0.00298, 0.94555, 0.28771,56.29355,970.78446,3984.05579,-4.91769, 0.04588, 0.23273,
17.30000,5165.16821,38.45758,20005.35478, 4.56311,16.10679, 4.55865,297.87367,16.59668, 0.03774,-0.19011,-0.05546, 0.42283, 0.28405,-0.00297, 0.94577, 0.28774,56.30584,970.79376,3984.05579,-4.91769, 0.04588, 0.23273,
17.40000,5194.90636,40.18090,20005.12207, 4.55642,16.09784, 4.60203,297.90540,16.59693, 0.03732,-0.18434,-0.05659, 0.42215, 0.28407,-0.00297, 0.94598, 0.28777,56.31827,970.80326,3984.05579,-4.91769, 0.04588, 0.23273,
17.50000,5224.64630,41.92766,20004.88454, 4.55026,16.08880, 4.64532,297.93751,16.59693, 0.03707,-0.17880,-0.05767, 0.42142, 0.28409,-0.00296, 0.94619, 0.28780,56.33087,970.81296,3984.05579,-4.91769, 0.04588, 0.23273,
17.60000,5254.38805,43.69785,20004.64224, 4.54461,16.07966, 4.68852,297.97000,16.59672, 0.03699,-0.17366,-0.05868, 0.42066, 0.28411,-0.00296, 0.94638, 0.28783,56.34362,970.82285,3984.05579,-4.91769, 0.04588, 0.23273,
17.70000,5284.13164,45.49144,20004.39526, 4.53942,16.07044, 4.73163,298.00290,16.59629, 0.03706,-0.16905,-0.05959, 0.41987, 0.28412,-0.00296, 0.94657, 0.28786,56.35653,970.83293,3984.05579,-4.91769, 0.04588, 0.23273,
17.80000,5313.87708,47.30842,20004.14365, 4.53462,16.06114, 4.77465,298.03619,16.59567, 0.03727,-0.16510,-0.06038, 0.41906, 0.28414,-0.00296, 0.94675, 0.28790,56.36961,970.84320,3984.05579,-4.91769, 0.04588, 0.23273,
17.90000,5343.62441,49.14877,20003.88746, 4.53015,16.05178, 4.81758,298.06990,16.59487, 0.03761,-0.16188,-0.06103, 0.41824, 0.28415,-0.00297, 0.94693, 0.28793,56.38285,970.85366,3984.05579,-4.91769, 0.04588, 0.23273,
18.00000,5373.37364,51.01247,20003.62675, 4.52594,16.04237, 4.86042,298.10402,16.59391, 0.03806,-0.15947,-0.06154, 0.41743, 0.28416,-0.00297, 0.94710, 0.28796,56.39626,970.86430,3984.05579,-4.91769, 0.04588, 0.23273,
18.10000,5403.12480,52.89951,20003.36158, 4.52188,16.03293, 4.90317,298.13856,16.59281, 0.03859,-0.15790,-0.06188, 0.41663, 0.28418,-0.00298, 0.94727, 0.28799,56.40983,970.87513,3984.05579,-4.91769, 0.04588, 0.23273,
18.20000,5432.87792,54.80988,20003.09200, 4.51792,16.02347, 4.94583,298.17352,16.59158, 0.03919,-0.15716,-0.06205, 0.41584, 0.28419,-0.00298, 0.94743, 0.28803,56.42358,970.88613,3984.05579,-4.91769, 0.04588, 0.23273,
18.30000,5462.63301,56.74356,20002.81807, 4.51396,16.01401, 4.98841,298.20891,16.59025, 0.03982,-0.15723,-0.06204, 0.41507, 0.28420,-0.00299, 0.94760, 0.28806,56.43749,970.89732,3984.05579,-4.91769, 0.04588, 0.23273,
18.40000,5492.39011,58.70053,20002.53984, 4.50992,16.00457, 5.03091,298.24471,16.58882, 0.04046,-0.15806,-0.06185, 0.41433, 0.28421,-0.00300, 0.94776, 0.28809,56.45157,970.90867,3984.05579,-4.91769, 0.04588, 0.23273,
18.50000,5522.14924,60.68079,20002.25735, 4.50574,15.99517, 5.07334,298.28092,16.58733, 0.04109,-0.15958,-0.06149, 0.41361, 0.28422,-0.00301, 0.94792, 0.28813,56.46583,970.92021,3984.05579,-4.91769, 0.04588, 0.23273,
18.60000,5551.91041,62.68432,20001.97067, 4.50135,15.98582, 5.11570,298.31755,16.58579, 0.04168,-0.16169,-0.06094, 0.41291, 0.28423,-0.00301, 0.94809, 0.28816,56.48024,970.93191,3984.05579,-4.91769, 0.04588, 0.23273,
18.70000,5581.67367,64.71110,20001.67984, 4.49669,15.97654, 5.15799,298.35459,16.58421, 0.04222,-0.16430,-0.06023, 0.41223, 0.28424,-0.00302, 0.94826, 0.28820,56.49483,970.94378,3984.05579,-4.91769, 0.04588, 0.23273,
18.80000,5611.43903,66.76111,20001.38493, 4.49174,15.96735, 5.20021,298.39203,16.58261, 0.04268,-0.16729,-0.05934, 0.41156, 0.28425,-0.00302, 0.94843, 0.28824,56.50957,970.95582,3984.05579,-4.91769, 0.04588, 0.23273,
18.90000,5641.20651,68.83434,20001.08598, 4.48644,15.95827, 5.24237,298.42987,16.58101, 0.04306,-0.17053,-0.05830, 0.41090, 0.28426,-0.00303, 0.94860, 0.28827,56.52448,970.96803,3984.05579,-4.91769, 0.04588, 0.23273,
19.00000,5670.97614,70.93077,20000.78305, 4.48079,15.94930, 5.28447,298.46809,16.57941, 0.04335,-0.17391,-0.05711, 0.41023, 0.28427,-0.00303, 0.94878, 0.28831,56.53953,970.98039,3984.05579,-4.91769, 0.04588, 0.23273,
19.10000,5700.74795,73.05037,20000.47620, 4.47478,15.94048, 5.32651,298.50669,16.57783, 0.04354,-0.17732,-0.05577, 0.40955, 0.28429,-0.00303, 0.94897, 0.28835,56.55475,970.99292,3984.05579,-4.91769, 0.04588, 0.23273,
19.20000,5730.52194,75.19313,20000.16549, 4.46841,15.93180, 5.36849,298.54565,16.57629, 0.04363,-0.18065,-0.05430, 0.40886, 0.28430,-0.00303, 0.94916, 0.28838,56.57011,971.00561,3984.05579,-4.91769, 0.04588, 0.23273,
19.30000,5760.29814,77.35901,19999.85098, 4.46169,15.92328, 5.41041,298.58496,16.57478, 0.04363,-0.18380,-0.05272, 0.40813, 0.28431,-0.00303, 0.94935, 0.28842,56.58561,971.01845,3984.05579,-4.91769, 0.04588, 0.23273,
19.40000,5790.07657,79.54800,19999.53273, 4.45464,15.91494, 5.45227,298.62461,16.57333, 0.04354,-0.18669,-0.05103, 0.40737, 0.28432,-0.00302, 0.94955, 0.28846,56.60125,971.03144,3984.05579,-4.91769, 0.04588, 0.23273,
19.50000,5819.85725,81.76007,19999.21081, 4.44729,15.90678, 5.49405,298.66459,16.57193, 0.04337,-0.18926,-0.04924, 0.40657, 0.28434,-0.00302, 0.94976, 0.28850,56.61702,971.04458,3984.05579,-4.91769, 0.04588, 0.23273,
19.60000,5849.64020,83.99519,19998.88529, 4.43968,15.89882, 5.53577,298.70489,16.57059, 0.04313,-0.19146,-0.04737, 0.40571, 0.28435,-0.00301, 0.94997, 0.28853,56.63292,971.05787,3984.05579,-4.91769, 0.04588, 0.23273,
19.70000,5879.42542,86.25332,19998.55623, 4.43185,15.89106, 5.57740,298.74548,16.56931, 0.04284,-0.19326,-0.04542, 0.40480, 0.28437,-0.00301, 0.95019, 0.28857,56.64895,971.07131,3984.05579,-4.91769, 0.04588, 0.23273,
19.80000,5909.21294,88.53445,19998.22371, 4.42383,15.88351, 5.61896,298.78636,16.56811, 0.04251,-0.19466,-0.04342, 0.40383, 0.28439,-0.00300, 0.95042, 0.28861,56.66509,971.08489,3984.05579,-4.91769, 0.04588, 0.23273,
19.90000,5939.00278,90.83854,19997.88781, 4.41565,15.87617, 5.66043,298.82750,16.56697, 0.04216,-0.19566,-0.04137, 0.40280, 0.28440,-0.00300, 0.95065, 0.28865,56.68134,971.09860,3984.05579,-4.91769, 0.04588, 0.23273,
20.00000,5968.79493,93.16555,19997.54858, 4.40737,15.86906, 5.70180,298.86890,16.56590, 0.04180,-0.19629,-0.03929, 0.40171, 0.28442,-0.00299, 0.95089, 0.28869,56.69770,971.11245,3984.05579,-4.91769, 0.04588, 0.23273,
20.10000,5998.58941,95.51546,19997.20612, 4.39901,15.86216, 5.74308,298.91054,16.56491, 0.04145,-0.19658,-0.03718, 0.40057, 0.28444,-0.00299, 0.95113, 0.28873,56.71416,971.12643,3984.05579,-4.91769, 0.04588, 0.23273,
20.20000,6028.38623,97.88824,19996.86050, 4.39060,15.85550, 5.78425,298.95241,16.56398, 0.04112,-0.19659,-0.03505, 0.39937, 0.28446,-0.00298, 0.95137, 0.28877,56.73071,971.14055,3984.05579,-4.91769, 0.04588, 0.23273,
20.30000,6058.18540,100.28384,19996.51180, 4.38216,15.84906, 5.82531,298.99448,16.56312, 0.04082,-0.19636,-0.03291, 0.39812, 0.28448,-0.00298, 0.95163, 0.28881,56.74735,971.15478,3984.05579,-4.91769, 0.04588, 0.23273,
20.40000,6087.98693,102.70224,19996.16010, 4.37372,15.84285, 5.86625,299.03675,16.56233, 0.04056,-0.19597,-0.03077, 0.39682, 0.28450,-0.00297, 0.95188, 0.28885,56.76407,971.16915,3984.05579,-4.91769, 0.04588, 0.23273,
20.50000,6117.79081,105.14340,19995.80549, 4.36529,15.83687, 5.90708,299.07920,16.56159, 0.04035,-0.19547,-0.02864, 0.39550, 0.28453,-0.00297, 0.95215, 0.28889,56.78087,971.18363,3984.05579,-4.91769, 0.04588, 0.23273,
20.60000,6147.59706,107.60730,19995.44805, 4.35688,15.83112, 5.94778,299.12181,16.56092, 0.04020,-0.19494,-0.02652, 0.39414, 0.28455,-0.00297, 0.95241, 0.28893,56.79774,971.19822,3984.05579,-4.91769, 0.04588, 0.23273,
20.70000,6177.40567,110.09388,19995.08787, 4.34848,15.82560, 5.98835,299.16457,16.56030, 0.04010,-0.19444,-0.02442, 0.39276, 0.28457,-0.00296, 0.95268, 0.28897,56.81467,971.21293,3984.05579,-4.91769, 0.04588, 0.23273,
20.80000,6207.21666,112.60313,19994.72504, 4.34009,15.82029, 6.02880,299.20747,16.55973, 0.04005,-0.19401,-0.02235, 0.39137, 0.28460,-0.00296, 0.95295, 0.28902,56.83167,971.22774,3984.05579,-4.91769, 0.04588, 0.23273,
20.90000,6237.03001,115.13500,19994.35964, 4.33169,15.81521, 6.06913,299.25050,16.55920, 0.04006,-0.19372,-0.02031, 0.38998, 0.28462,-0.00297, 0.95323, 0.28906,56.84871,971.24266,3984.05579,-4.91769, 0.04588, 0.23273,
21.00000,6266.84572,117.68947,19993.99177, 4.32328,15.81035, 6.10932,299.29363,16.55872, 0.04012,-0.19360,-0.01830, 0.38859, 0.28464,-0.00297, 0.95350, 0.28910,56.86581,971.25769,3984.05579,-4.91769, 0.04588, 0.23273,
21.10000,6296.66381,120.26648,19993.62152, 4.31483,15.80570, 6.14938,299.33686,16.55827, 0.04021,-0.19367,-0.01633, 0.38722, 0.28467,-0.00297, 0.95378, 0.28914,56.88295,971.27281,3984.05579,-4.91769, 0.04588, 0.23273,
21.20000,6326.48425,122.86602,19993.24897, 4.30633,15.80127, 6.18932,299.38017,16.55785, 0.04034,-0.19397,-0.01439, 0.38586, 0.28469,-0.00297, 0.95407, 0.28918,56.90013,971.28802,3984.05579,-4.91769, 0.04588, 0.23273,
21.30000,6356.30705,125.48804,19992.87422, 4.29775,15.79704, 6.22914,299.42356,16.55746, 0.04049,-0.19449,-0.01250, 0.38452, 0.28472,-0.00297, 0.95435, 0.28922,56.91735,971.30332,3984.05579,-4.91769, 0.04588, 0.23273,
21.40000,6386.13219,128.13249,19992.49736, 4.28907,15.79301, 6.26883,299.46700,16.55709, 0.04065,-0.19522,-0.01064, 0.38321, 0.28474,-0.00298, 0.95463, 0.28926,56.93459,971.31871,3984.05579,-4.91769, 0.04588, 0.23273,
21.50000,6415.95969,130.79936,19992.11848, 4.28027,15.78918, 6.30840,299.51050,16.55674, 0.04082,-0.19617,-0.00883, 0.38193, 0.28477,-0.00298, 0.95492, 0.28931,56.95186,971.33419,3984.05579,-4.91769, 0.04588, 0.23273,
21.60000,6445.78952,133.48859,19991.73769, 4.27133,15.78555, 6.34785,299.55403,16.55640, 0.04097,-0.19729,-0.00705, 0.38067, 0.28480,-0.00298, 0.95521, 0.28935,56.96915,971.34974,3984.05579,-4.91769, 0.04588, 0.23273,
21.70000,6475.62167,136.20015,19991.35507, 4.26224,15.78210, 6.38719,299.59758,16.55606, 0.04112,-0.19857,-0.00532, 0.37944, 0.28482,-0.00299, 0.95549, 0.28939,56.98646,971.36536,3984.05579,-4.91769, 0.04588, 0.23273,
21.80000,6505.45615,138.93399,19990.97071, 4.25298,15.77884, 6.42641,299.64115,16.55574, 0.04124,-0.19996,-0.00362, 0.37825, 0.28485,-0.00299, 0.95578, 0.28943,57.00378,971.38106,3984.05579,-4.91769, 0.04588, 0.23273,
21.90000,6535.29294,141.69008,19990.58471, 4.24355,15.77577, 6.46553,299.68473,16.55541, 0.04133,-0.20142,-0.00197, 0.37707, 0.28487,-0.00299, 0.95607, 0.28947,57.02110,971.39682,3984.05579,-4.91769, 0.04588, 0.23273,
22.00000,6565.13202,144.46836,19990.19716, 4.23394,15.77287, 6.50453,299.72830,16.55508, 0.04138,-0.20290,-0.00035, 0.37592, 0.28490,-0.00300, 0.95635, 0.28951,57.03844,971.41265,3984.05579,-4.91769, 0.04588, 0.23273,
22.10000,6594.97339,147.26881,19989.80817, 4.22414,15.77015, 6.54343,299.77186,16.55474, 0.04139,-0.20437, 0.00124, 0.37478, 0.28492,-0.00300, 0.95664, 0.28955,57.05577,971.42854,3984.05579,-4.91769, 0.04588, 0.23273,
22.20000,6624.81703,150.09137,19989.41781, 4.21418,15.76760, 6.58223,299.81539,16.55439, 0.04137,-0.20579, 0.00280, 0.37365, 0.28495,-0.00300, 0.95692, 0.28960,57.07309,971.44448,3984.05579,-4.91769, 0.04588, 0.23273,
22.30000,6654.66293,152.93599,19989.02619, 4.20405,15.76521, 6.62092,299.85889,16.55404, 0.04130,-0.20710, 0.00432, 0.37254, 0.28497,-0.00300, 0.95721, 0.28964,57.09041,971.46047,3984.05579,-4.91769, 0.04588, 0.23273,
22.40000,6684.51107,155.80264,19988.63340, 4.19376,15.76299, 6.65951,299.90234,16.55367, 0.04120,-0.20828, 0.00583, 0.37142, 0.28500,-0.00300, 0.95749, 0.28968,57.10772,971.47652,3984.05579,-4.91769, 0.04588, 0.23273,
22.50000,6714.36145,158.69126,19988.23953, 4.18333,15.76094, 6.69799,299.94575,16.55328, 0.04105,-0.20931, 0.00730, 0.37030, 0.28502,-0.00300, 0.95777, 0.28972,57.12501,971.49260,3984.05579,-4.91769, 0.04588, 0.23273,
22.60000,6744.21405,161.60180,19987.84467, 4.17278,15.75905, 6.73636,299.98909,16.55288, 0.04088,-0.21016, 0.00876, 0.36917, 0.28505,-0.00299, 0.95805, 0.28976,57.14229,971.50873,3984.05579,-4.91769, 0.04588, 0.23273,
22.70000,6774.06884,164.53422,19987.44892, 4.16212,15.75732, 6.77463,300.03237,16.55247, 0.04068,-0.21081, 0.01021, 0.36802, 0.28507,-0.00299, 0.95833, 0.28980,57.15954,971.52490,3984.05579,-4.91769, 0.04588, 0.23273,
22.80000,6803.92582,167.48847,19987.05237, 4.15138,15.75574, 6.81279,300.07557,16.55203, 0.04046,-0.21127, 0.01163, 0.36686, 0.28510,-0.00299, 0.95861, 0.28984,57.17677,971.54109,3984.05579,-4.91769, 0.04588, 0.23273,
22.90000,6833.78496,170.46450,19986.65512, 4.14057,15.75432, 6.85084,300.11869,16.55158, 0.04023,-0.21153, 0.01305, 0.36568, 0.28512,-0.00299, 0.95889, 0.28989,57.19397,971.55732,3984.05579,-4.91769, 0.04588, 0.23273,
23.00000,6863.64625,173.46226,19986.25724, 4.12971,15.75306, 6.88878,300.16172,16.55111, 0.04000,-0.21161, 0.01446, 0.36448, 0.28515,-0.00298, 0.95916, 0.28993,57.21115,971.57357,3984.05579,-4.91769, 0.04588, 0.23273,
23.10000,6893.50966,176.48170,19985.85884, 4.11882,15.75196, 6.92660,300.20464,16.55063, 0.03976,-0.21152, 0.01586, 0.36325, 0.28517,-0.00298, 0.95944, 0.28997,57.22828,971.58984,3984.05579,-4.91769, 0.04588, 0.23273,
23.20000,6923.37519,179.52276,19985.46000, 4.10792,15.75101, 6.96431,300.24745,16.55012, 0.03953,-0.21128, 0.01726, 0.36199, 0.28519,-0.00298, 0.95971, 0.29001,57.24538,971.60613,3984.05579,-4.91769, 0.04588, 0.23273,
23.30000,6953.24281,182.58540,19985.06081, 4.09701,15.75022, 7.00189,300.29015,16.54961, 0.03932,-0.21094, 0.01866, 0.36071, 0.28522,-0.00298, 0.95998, 0.29005,57.26244,971.62244,3984.05579,-4.91769, 0.04588, 0.23273,
23.40000,6983.11249,185.66956,19984.66137, 4.08610,15.74958, 7.03935,300.33273,16.54907, 0.03912,-0.21050, 0.02006, 0.35941, 0.28524,-0.00297, 0.96025, 0.29009,57.27945,971.63876,3984.05579,-4.91769, 0.04588, 0.23273,
23.50000,7012.98422,188.77519,19984.26176, 4.07521,15.74910, 7.07668,300.37517,16.54853, 0.03895,-0.21001, 0.02146, 0.35808, 0.28526,-0.00297, 0.96052, 0.29013,57.29642,971.65508,3984.05579,-4.91769, 0.04588, 0.23273,
23.60000,7042.85798,191.90225,19983.86206, 4.06433,15.74877, 7.11389,300.41747,16.54797, 0.03880,-0.20950, 0.02287, 0.35674, 0.28529,-0.00297, 0.96078, 0.29017,57.31333,971.67141,3984.05579,-4.91769, 0.04588, 0.23273,
23.70000,7072.73374,195.05067,19983.46238, 4.05347,15.74860, 7.15096,300.45963,16.54740, 0.03869,-0.20901, 0.02429, 0.35537, 0.28531,-0.00297, 0.96105, 0.29021,57.33019,971.68773,3984.05579,-4.91769, 0.04588, 0.23273,
23.80000,7102.61147,198.22042,19983.06279, 4.04262,15.74859, 7.18791,300.50163,16.54682, 0.03860,-0.20856, 0.02571, 0.35400, 0.28533,-0.00297, 0.96131, 0.29025,57.34700,971.70406,3984.05579,-4.91769, 0.04588, 0.23273,
23.90000,7132.49117,201.41142,19982.66338, 4.03177,15.74874, 7.22472,300.54346,16.54623, 0.03853,-0.20818, 0.02715, 0.35261, 0.28535,-0.00297, 0.96157, 0.29029,57.36374,971.72037,3984.05579,-4.91769, 0.04588, 0.23273,
24.00000,7162.37279,204.62364,19982.26424, 4.02093,15.74905, 7.26139,300.58513,16.54564, 0.03850,-0.20789, 0.02859, 0.35121, 0.28538,-0.00297, 0.96183, 0.29033,57.38042,971.73668,3984.05579,-4.91769, 0.04588, 0.23273,
24.10000,7192.25632,207.85701,19981.86546, 4.01006,15.74952, 7.29793,300.62661,16.54504, 0.03849,-0.20772, 0.03004, 0.34980, 0.28540,-0.00297, 0.96209, 0.29037,57.39704,971.75297,3984.05579,-4.91769, 0.04588, 0.23273,
24.20000,7222.14172,211.11149,19981.46711, 3.99918,15.75015, 7.33434,300.66791,16.54445, 0.03850,-0.20768, 0.03150, 0.34840, 0.28542,-0.00297, 0.96235, 0.29041,57.41358,971.76924,3984.05579,-4.91769, 0.04588, 0.23273,
24.30000,7252.02898,214.38702,19981.06929, 3.98825,15.75094, 7.37061,300.70901,16.54385, 0.03853,-0.20777, 0.03297, 0.34699, 0.28544,-0.00297, 0.96260, 0.29045,57.43005,971.78550,3984.05579,-4.91769, 0.04588, 0.23273,
24.40000,7281.91806,217.68354,19980.67209, 3.97727,15.75190, 7.40675,300.74990,16.54325, 0.03856,-0.20801, 0.03444, 0.34558, 0.28546,-0.00297, 0.96286, 0.29049,57.44645,971.80172,3984.05579,-4.91769, 0.04588, 0.23273,
24.50000,7311.80894,221.00100,19980.27557, 3.96623,15.75302, 7.44275,300.79058,16.54266, 0.03861,-0.20837, 0.03593, 0.34418, 0.28549,-0.00297, 0.96311, 0.29053,57.46276,971.81792,3984.05579,-4.91769, 0.04588, 0.23273,
24.60000,7341.70159,224.33935,19979.87984, 3.95511,15.75431, 7.47861,300.83104,16.54207, 0.03865,-0.20886, 0.03742, 0.34279, 0.28551,-0.00297, 0.96337, 0.29057,57.47899,971.83409,3984.05579,-4.91769, 0.04588, 0.23273,
24.70000,7371.59598,227.69853,19979.48498, 3.94389,15.75576, 7.51435,300.87128,16.54148, 0.03870,-0.20947, 0.03892, 0.34140, 0.28553,-0.00297, 0.96362, 0.29060,57.49513,971.85022,3984.05579,-4.91769, 0.04588, 0.23273,
24.80000,7401.49207,231.07848,19979.09106, 3.93258,15.75738, 7.54995,300.91127,16.54091, 0.03873,-0.21017, 0.04042, 0.34002, 0.28555,-0.00297, 0.96387, 0.29064,57.51119,971.86632,3984.05579,-4.91769, 0.04588, 0.23273,
24.90000,7431.38984,234.47915,19978.69817, 3.92116,15.75916, 7.58542,300.95101,16.54034, 0.03876,-0.21095, 0.04192, 0.33864, 0.28557,-0.00297, 0.96412, 0.29068,57.52715,971.88237,3984.05579,-4.91769, 0.04588, 0.23273,
25.00000,7461.28926,237.90047,19978.30639, 3.90962,15.76111, 7.62075,300.99050,16.53978, 0.03877,-0.21178, 0.04343, 0.33727, 0.28559,-0.00297, 0.96437, 0.29072,57.54301,971.89837,3984.05579,-4.91769, 0.04588, 0.23273,
25.10000,7491.19029,241.34238,19977.91581, 3.89796,15.76323, 7.65596,301.02973,16.53923, 0.03876,-0.21264, 0.04494, 0.33591, 0.28561,-0.00298, 0.96462, 0.29076,57.55877,971.91433,3984.05579,-4.91769, 0.04588, 0.23273,
25.20000,7521.09290,244.80483,19977.52652, 3.88618,15.76551, 7.69103,301.06868,16.53870, 0.03873,-0.21350, 0.04644, 0.33454, 0.28564,-0.00298, 0.96486, 0.29079,57.57442,971.93024,3984.05579,-4.91769, 0.04588, 0.23273,
25.30000,7550.99706,248.28776,19977.13858, 3.87428,15.76796, 7.72598,301.10736,16.53817, 0.03869,-0.21436, 0.04795, 0.33318, 0.28566,-0.00298, 0.96511, 0.29083,57.58997,971.94609,3984.05579,-4.91769, 0.04588, 0.23273,
25.40000,7580.90274,251.79110,19976.75209, 3.86227,15.77058, 7.76079,301.14574,16.53766, 0.03862,-0.21517, 0.04944, 0.33181, 0.28568,-0.00298, 0.96535, 0.29087,57.60541,971.96188,3984.05579,-4.91769, 0.04588, 0.23273,
25.50000,7610.80989,255.31480,19976.36712, 3.85014,15.77336, 7.79547,301.18383,16.53715, 0.03853,-0.21592, 0.05094, 0.33045, 0.28570,-0.00297, 0.96559, 0.29090,57.62073,971.97761,3984.05579,-4.91769, 0.04588, 0.23273,
25.60000,7640.71848,258.85878,19975.98375, 3.83790,15.77630, 7.83002,301.22161,16.53667, 0.03842,-0.21661, 0.05242, 0.32908, 0.28572,-0.00297, 0.96583, 0.29094,57.63594,971.99327,3984.05579,-4.91769, 0.04588, 0.23273,
25.70000,7670.62849,262.42299,19975.60208, 3.82557,15.77941, 7.86444,301.25907,16.53619, 0.03830,-0.21721, 0.05390, 0.32770, 0.28574,-0.00297, 0.96607, 0.29097,57.65102,972.00887,3984.05579,-4.91769, 0.04588, 0.23273,
25.80000,7700.53986,266.00736,19975.22217, 3.81315,15.78268, 7.89872,301.29622,16.53573, 0.03816,-0.21771, 0.05537, 0.32631, 0.28576,-0.00297, 0.96631, 0.29101,57.66598,972.02439,3984.05579,-4.91769, 0.04588, 0.23273,
25.90000,7730.45257,269.61182,19974.84410, 3.80065,15.78612, 7.93287,301.33303,16.53528, 0.03800,-0.21812, 0.05682, 0.32492, 0.28578,-0.00297, 0.96655, 0.29104,57.68081,972.03984,3984.05579,-4.91769, 0.04588, 0.23273,
26.00000,7760.36657,273.23632,19974.46797, 3.78807,15.78972, 7.96689,301.36951,16.53484, 0.03784,-0.21842, 0.05827, 0.32351, 0.28580,-0.00297, 0.96679, 0.29108,57.69551,972.05521,3984.05579,-4.91769, 0.04588, 0.23273,
26.10000,7790.28183,276.88078,19974.09383, 3.77544,15.79347, 8.00077,301.40563,16.53441, 0.03768,-0.21862, 0.05970, 0.32210, 0.28582,-0.00297, 0.96702, 0.29111,57.71008,972.07050,3984.05579,-4.91769, 0.04588, 0.23273,
26.20000,7820.19831,280.54514,19973.72178, 3.76275,15.79739, 8.03451,301.44141,16.53400, 0.03751,-0.21874, 0.06112, 0.32067, 0.28584,-0.00296, 0.96725, 0.29115,57.72450,972.08570,3984.05579,-4.91769, 0.04588, 0.23273,
26.30000,7850.11596,284.22932,19973.35189, 3.75003,15.80146, 8.06811,301.47682,16.53360, 0.03735,-0.21877, 0.06252, 0.31923, 0.28586,-0.00296, 0.96748, 0.29118,57.73879,972.10082,3984.05579,-4.91769, 0.04588, 0.23273,
26.40000,7880.03476,287.93327,19972.98424, 3.73727,15.80569, 8.10157,301.51187,16.53321, 0.03719,-0.21872, 0.06391, 0.31779, 0.28588,-0.00296, 0.96771, 0.29122,57.75293,972.11584,3984.05579,-4.91769, 0.04588, 0.23273,
26.50000,7909.95464,291.65692,19972.61890, 3.72447,15.81007, 8.13489,301.54653,16.53283, 0.03703,-0.21862, 0.06528, 0.31633, 0.28590,-0.00296, 0.96793, 0.29125,57.76693,972.13077,3984.05579,-4.91769, 0.04588, 0.23273,
26.60000,7939.87559,295.40019,19972.25595, 3.71166,15.81461, 8.16806,301.58082,16.53246, 0.03688,-0.21847, 0.06663, 0.31486, 0.28592,-0.00296, 0.96816, 0.29128,57.78078,972.14560,3984.05579,-4.91769, 0.04588, 0.23273,
26.70000,7969.79754,299.16302,19971.89547, 3.69883,15.81929, 8.20110,301.61471,16.53210, 0.03675,-0.21828, 0.06797, 0.31339, 0.28594,-0.00296, 0.96838, 0.29131,57.79447,972.16033,3984.05579,-4.91769, 0.04588, 0.23273,
26.80000,7999.72047,302.94533,19971.53752, 3.68597,15.82413, 8.23398,301.64821,16.53176, 0.03662,-0.21809, 0.06929, 0.31191, 0.28596,-0.00296, 0.96860, 0.29135,57.80801,972.17496,3984.05579,-4.91769, 0.04588, 0.23273,
26.90000,8029.64432,306.74707,19971.18219, 3.67311,15.82911, 8.26673,301.68130,16.53142, 0.03651,-0.21789, 0.07059, 0.31043, 0.28598,-0.00296, 0.96882, 0.29138,57.82139,972.18948,3984.05579,-4.91769, 0.04588, 0.23273,
27.00000,8059.56906,310.56815,19970.82955, 3.66022,15.83424, 8.29933,301.71398,16.53109, 0.03641,-0.21770, 0.07188, 0.30895, 0.28600,-0.00295, 0.96903, 0.29141,57.83461,972.20389,3984.05579,-4.91769, 0.04588, 0.23273,
27.10000,8089.49463,314.40851,19970.47967, 3.64731,15.83951, 8.33178,301.74625,16.53077, 0.03632,-0.21753, 0.07314, 0.30746, 0.28602,-0.00295, 0.96924, 0.29144,57.84766,972.21819,3984.05579,-4.91769, 0.04588, 0.23273,
27.20000,8119.42100,318.26807,19970.13262, 3.63439,15.84493, 8.36408,301.77809,16.53046, 0.03623,-0.21739, 0.07439, 0.30598, 0.28603,-0.00295, 0.96945, 0.29147,57.86055,972.23238,3984.05579,-4.91769, 0.04588, 0.23273,
27.30000,8149.34812,322.14678,19969.78847, 3.62144,15.85048, 8.39624,301.80950,16.53015, 0.03616,-0.21729, 0.07562, 0.30450, 0.28605,-0.00295, 0.96966, 0.29150,57.87327,972.24644,3984.05579,-4.91769, 0.04588, 0.23273,
27.40000,8179.27594,326.04454,19969.44729, 3.60846,15.85617, 8.42826,301.84047,16.52986, 0.03610,-0.21724, 0.07683, 0.30302, 0.28607,-0.00295, 0.96986, 0.29153,57.88582,972.26039,3984.05579,-4.91769, 0.04588, 0.23273,
27.50000,8209.20442,329.96130,19969.10915, 3.59544,15.86200, 8.46012,301.87100,16.52957, 0.03604,-0.21722, 0.07802, 0.30155, 0.28609,-0.00295, 0.97007, 0.29156,57.89819,972.27421,3984.05579,-4.91769, 0.04588, 0.23273,
27.60000,8239.13350,333.89698,19968.77412, 3.58239,15.86796, 8.49185,301.90109,16.52929, 0.03598,-0.21725, 0.07919, 0.30008, 0.28611,-0.00295, 0.97026, 0.29159,57.91039,972.28790,3984.05579,-4.91769, 0.04588, 0.23273,
27.70000,8269.06315,337.85151,19968.44227, 3.56930,15.87406, 8.52342,301.93072,16.52902, 0.03592,-0.21732, 0.08034, 0.29862, 0.28612,-0.00295, 0.97046, 0.29161,57.92241,972.30146,3984.05579,-4.91769, 0.04588, 0.23273,
27.80000,8298.99332,341.82481,19968.11366, 3.55616,15.88028, 8.55486,301.95989,16.52875, 0.03586,-0.21743, 0.08148, 0.29717, 0.28614,-0.00295, 0.97065, 0.29164,57.93425,972.31489,3984.05579,-4.91769, 0.04588, 0.23273,
27.90000,8328.92395,345.81681,19967.78836, 3.54297,15.88663, 8.58615,301.98860,16.52849, 0.03580,-0.21757, 0.08259, 0.29572, 0.28616,-0.00295, 0.97085, 0.29167,57.94590,972.32819,3984.05579,-4.91769, 0.04588, 0.23273,
28.00000,8358.85500,349.82743,19967.46643, 3.52974,15.89311, 8.61729,302.01684,16.52824, 0.03574,-0.21772, 0.08369, 0.29428, 0.28617,-0.00295, 0.97103, 0.29170,57.95737,972.34134,3984.05579,-4.91769, 0.04588, 0.23273,
28.10000,8388.78643,353.85661,19967.14794, 3.51645,15.89972, 8.64830,302.04460,16.52799, 0.03566,-0.21789, 0.08477, 0.29284, 0.28619,-0.00295, 0.97122, 0.29172,57.96865,972.35436,3984.05579,-4.91769, 0.04588, 0.23273,
28.20000,8418.71817,357.90426,19966.83296, 3.50311,15.90644, 8.67916,302.07189,16.52775, 0.03558,-0.21805, 0.08582, 0.29142, 0.28621,-0.00295, 0.97140, 0.29175,57.97974,972.36724,3984.05579,-4.91769, 0.04588, 0.23273,
28.30000,8448.65019,361.97031,19966.52153, 3.48971,15.91329, 8.70988,302.09869,16.52751, 0.03549,-0.21821, 0.08686, 0.28999, 0.28622,-0.00295, 0.97158, 0.29177,57.99064,972.37997,3984.05579,-4.91769, 0.04588, 0.23273,
28.40000,8478.58243,366.05468,19966.21373, 3.47627,15.92025, 8.74046,302.12500,16.52729, 0.03539,-0.21836, 0.08788, 0.28857, 0.28624,-0.00295, 0.97175, 0.29180,58.00135,972.39255,3984.05579,-4.91769, 0.04588, 0.23273,
28.50000,8508.51484,370.15731,19965.90961, 3.46278,15.92733, 8.77089,302.15081,16.52707, 0.03528,-0.21847, 0.08889, 0.28716, 0.28625,-0.00295, 0.97193, 0.29182,58.01186,972.40498,3984.05579,-4.91769, 0.04588, 0.23273,
28.60000,8538.44738,374.27810,19965.60924, 3.44924,15.93453, 8.80119,302.17613,16.52685, 0.03517,-0.21855, 0.08987, 0.28574, 0.28627,-0.00295, 0.97210, 0.29185,58.02217,972.41725,3984.05579,-4.91769, 0.04588, 0.23273,
28.70000,8568.37999,378.41699,19965.31266, 3.43567,15.94183, 8.83134,302.20095,16.52664, 0.03504,-0.21860, 0.09083, 0.28433, 0.28628,-0.00295, 0.97226, 0.29187,58.03228,972.42938,3984.05579,-4.91769, 0.04588, 0.23273,
28.80000,8598.31262,382.57389,19965.01994, 3.42205,15.94925, 8.86136,302.22525,16.52644, 0.03491,-0.21859, 0.09178, 0.28292, 0.28630,-0.00295, 0.97243, 0.29189,58.04220,972.44134,3984.05579,-4.91769, 0.04588, 0.23273,
28.90000,8628.24522,386.74873,19964.73114, 3.40841,15.95678, 8.89123,302.24905,16.52624, 0.03477,-0.21854, 0.09271, 0.28151, 0.28631,-0.00295, 0.97259, 0.29192,58.05190,972.45315,3984.05579,-4.91769, 0.04588, 0.23273,
29.00000,8658.17773,390.94143,19964.44631, 3.39473,15.96441, 8.92096,302.27233,16.52605, 0.03462,-0.21843, 0.09361, 0.28010, 0.28633,-0.00295, 0.97274, 0.29194,58.06141,972.46479,3984.05579,-4.91769, 0.04588, 0.23273,
29.10000,8688.11012,395.15190,19964.16550, 3.38104,15.97215, 8.95055,302.29509,16.52587, 0.03447,-0.21827, 0.09450, 0.27868, 0.28634,-0.00295, 0.97290, 0.29196,58.07070,972.47627,3984.05579,-4.91769, 0.04588, 0.23273,
29.20000,8718.04232,399.38008,19963.88876, 3.36732,15.97999, 8.97999,302.31733,16.52569, 0.03432,-0.21807, 0.09537, 0.27727, 0.28635,-0.00295, 0.97305, 0.29198,58.07979,972.48758,3984.05579,-4.91769, 0.04588, 0.23273,
29.30000,8747.97428,403.62588,19963.61616, 3.35360,15.98793, 9.00929,302.33904,16.52552, 0.03417,-0.21782, 0.09623, 0.27585, 0.28637,-0.00294, 0.97319, 0.29200,58.08867,972.49872,3984.05579,-4.91769, 0.04588, 0.23273,
29.40000,8777.90596,407.88923,19963.34773, 3.33986,15.99598, 9.03845,302.36022,16.52535, 0.03402,-0.21752, 0.09706, 0.27443, 0.28638,-0.00294, 0.97334, 0.29202,58.09734,972.50970,3984.05579,-4.91769, 0.04588, 0.23273,
29.50000,8807.83729,412.17003,19963.08353, 3.32613,16.00412, 9.06747,302.38087,16.52520, 0.03387,-0.21719, 0.09788, 0.27301, 0.28639,-0.00294, 0.97348, 0.29204,58.10579,972.52050,3984.05579,-4.91769, 0.04588, 0.23273,
29.60000,8837.76822,416.46822,19962.82361, 3.31239,16.01235, 9.09634,302.40098,16.52505, 0.03373,-0.21683, 0.09868, 0.27159, 0.28640,-0.00294, 0.97361, 0.29206,58.11403,972.53112,3984.05579,-4.91769, 0.04588, 0.23273,
29.70000,8867.69871,420.78371,19962.56801, 3.29865,16.02068, 9.12507,302.42055,16.52490, 0.03359,-0.21644, 0.09945, 0.27017, 0.28642,-0.00294, 0.97375, 0.29208,58.12206,972.54157,3984.05579,-4.91769, 0.04588, 0.23273,
29.80000,8897.62870,425.11642,19962.31678, 3.28492,16.02910, 9.15366,302.43958,16.52477, 0.03345,-0.21604, 0.10021, 0.26875, 0.28643,-0.00294, 0.97388, 0.29210,58.12987,972.55184,3984.05579,-4.91769, 0.04588, 0.23273,
29.90000,8927.55814,429.46627,19962.06997, 3.27119,16.03761, 9.18210,302.45806,16.52464, 0.03332,-0.21562, 0.10096, 0.26733, 0.28644,-0.00294, 0.97400, 0.29212,58.13746,972.56193,3984.05579,-4.91769, 0.04588, 0.23273,
30.00000,8957.48696,433.83318,19961.82762, 3.25747,16.04620, 9.21040,302.47600,16.52452, 0.03319,-0.21520, 0.10168, 0.26591, 0.28645,-0.00294, 0.97413, 0.29213,58.14483,972.57184,3984.05579,-4.91769, 0.04588, 0.23273,
