
time,npos,epos,alt,phi,theta,psi,vel,alpha,beta,p,q,r,nx,ny,nz,mach,qbar,ps,

 0.00000, 0.00000, 0.00000, 0.00000, 0.00000, 2.34066, 0.00000,500.00000, 2.34066, 0.00000, 0.00000, 0.00000, 0.00000, 0.04083,-0.01216, 0.99898, 0.44774,297.12500,2115.73204,2316.73208,-1.71897,-0.08182, 0.02599,
 0.10000,50.00000,-0.00194,-0.00003, 0.00020, 2.34066,-0.00006,500.00001, 2.34073,-0.00435, 0.00590, 0.00001,-0.00175, 0.04084,-0.01181, 0.99898, 0.44774,297.12501,2115.73205,2316.73208,-1.71897,-0.08182, 0.02599,
 0.20000,100.00000,-0.00767,-0.00012, 0.00144, 2.34066,-0.00045,500.00003, 2.34080,-0.00819, 0.02028, 0.00002,-0.00659, 0.04084,-0.01150, 0.99898, 0.44774,297.12503,2115.73205,2316.73208,-1.71897,-0.08182, 0.02599,
 0.30000,150.00000,-0.01710,-0.00027, 0.00433, 2.34066,-0.00146,500.00005, 2.34087,-0.01125, 0.03874, 0.00004,-0.01389, 0.04084,-0.01127, 0.99899, 0.44774,297.12507,2115.73207,2316.73208,-1.71897,-0.08182, 0.02599,
 0.40000,200.00001,-0.03013,-0.00047, 0.00909, 2.34067,-0.00329,500.00009, 2.34093,-0.01331, 0.05763, 0.00004,-0.02284, 0.04084,-0.01112, 0.99900, 0.44774,297.12511,2115.73208,2316.73208,-1.71897,-0.08182, 0.02599,
 0.50000,250.00002,-0.04669,-0.00072, 0.01559, 2.34067,-0.00606,500.00013, 2.34100,-0.01428, 0.07407, 0.00004,-0.03256, 0.04085,-0.01106, 0.99902, 0.44774,297.12516,2115.73210,2316.73208,-1.71897,-0.08182, 0.02599,
 0.60000,300.00003,-0.06672,-0.00103, 0.02349, 2.34068,-0.00980,500.00017, 2.34106,-0.01417, 0.08601, 0.00002,-0.04217, 0.04085,-0.01109, 0.99903, 0.44774,297.12521,2115.73212,2316.73208,-1.71897,-0.08182, 0.02599,
 0.70000,350.00004,-0.09019,-0.00137, 0.03226, 2.34068,-0.01447,500.00021, 2.34110,-0.01307, 0.09219,-0.00001,-0.05087, 0.04085,-0.01120, 0.99905, 0.44774,297.12526,2115.73215,2316.73208,-1.71897,-0.08182, 0.02599,
 0.80000,400.00006,-0.11709,-0.00175, 0.04130, 2.34068,-0.01993,500.00025, 2.34114,-0.01116, 0.09214,-0.00006,-0.05799, 0.04085,-0.01137, 0.99906, 0.44774,297.12531,2115.73218,2316.73208,-1.71897,-0.08182, 0.02599,
 0.90000,450.00008,-0.14741,-0.00216, 0.05001, 2.34068,-0.02601,500.00028, 2.34117,-0.00866, 0.08606,-0.00013,-0.06306, 0.04084,-0.01159, 0.99908, 0.44774,297.12535,2115.73221,2316.73208,-1.71897,-0.08182, 0.02599,
 1.00000,500.00009,-0.18118,-0.00259, 0.05783, 2.34067,-0.03248,500.00030, 2.34118,-0.00584, 0.07475,-0.00021,-0.06582, 0.04084,-0.01183, 0.99909, 0.44774,297.12538,2115.73224,2316.73208,-1.71897,-0.08182, 0.02599,
 1.10000,550.00011,-0.21843,-0.00305, 0.06429, 2.34065,-0.03911,500.00032, 2.34118,-0.00296, 0.05946,-0.00030,-0.06621, 0.04084,-0.01206, 0.99910, 0.44774,297.12540,2115.73228,2316.73208,-1.71897,-0.08182, 0.02599,
 1.20000,600.00013,-0.25920,-0.00352, 0.06910, 2.34062,-0.04566,500.00033, 2.34117,-0.00027, 0.04170,-0.00038,-0.06440, 0.04084,-0.01228, 0.99911, 0.44774,297.12542,2115.73231,2316.73208,-1.71897,-0.08182, 0.02599,
 1.30000,650.00014,-0.30354,-0.00400, 0.07208, 2.34059,-0.05193,500.00034, 2.34115, 0.00202, 0.02320,-0.00046,-0.06069, 0.04084,-0.01245, 0.99909, 0.44774,297.12543,2115.73235,2316.73208,-1.71897,-0.08182, 0.02599,
 1.40000,700.00015,-0.35147,-0.00450, 0.07327, 2.34054,-0.05776,500.00035, 2.34113, 0.00374, 0.00561,-0.00052,-0.05552, 0.04084,-0.01258, 0.99908, 0.44774,297.12546,2115.73239,2316.73208,-1.71897,-0.08182, 0.02599,
 1.50000,750.00016,-0.40305,-0.00503, 0.07283, 2.34050,-0.06302,500.00037, 2.34111, 0.00480,-0.00973,-0.00056,-0.04945, 0.04084,-0.01265, 0.99907, 0.44774,297.12548,2115.73243,2316.73208,-1.71897,-0.08182, 0.02599,
 1.60000,800.00017,-0.45828,-0.00558, 0.07103, 2.34045,-0.06765,500.00040, 2.34109, 0.00515,-0.02177,-0.00059,-0.04308, 0.04084,-0.01266, 0.99906, 0.44774,297.12552,2115.73247,2316.73208,-1.71897,-0.08182, 0.02599,
 1.70000,850.00017,-0.51719,-0.00617, 0.06826, 2.34039,-0.07165,500.00042, 2.34107, 0.00483,-0.02980,-0.00061,-0.03699, 0.04084,-0.01262, 0.99905, 0.44774,297.12556,2115.73252,2316.73208,-1.71897,-0.08182, 0.02599,
 1.80000,900.00018,-0.57978,-0.00678, 0.06491, 2.34033,-0.07508,500.00045, 2.34105, 0.00391,-0.03350,-0.00063,-0.03168, 0.04084,-0.01254, 0.99905, 0.44774,297.12560,2115.73256,2316.73208,-1.71897,-0.08182, 0.02599,
 1.90000,950.00018,-0.64603,-0.00743, 0.06144, 2.34027,-0.07803,500.00048, 2.34103, 0.00252,-0.03292,-0.00063,-0.02754, 0.04084,-0.01242, 0.99905, 0.44774,297.12564,2115.73261,2316.73208,-1.71897,-0.08182, 0.02599,
 2.00000,1000.00018,-0.71594,-0.00810, 0.05823, 2.34021,-0.08064,500.00051, 2.34101, 0.00083,-0.02848,-0.00064,-0.02483, 0.04084,-0.01228, 0.99906, 0.44774,297.12568,2115.73266,2316.73208,-1.71897,-0.08182, 0.02599,
 2.10000,1050.00018,-0.78947,-0.00881, 0.05564, 2.34015,-0.08305,500.00054, 2.34098,-0.00100,-0.02089,-0.00063,-0.02366, 0.04084,-0.01213, 0.99905, 0.44774,297.12572,2115.73272,2316.73208,-1.71897,-0.08182, 0.02599,
 2.20000,1100.00018,-0.86659,-0.00955, 0.05394, 2.34009,-0.08542,500.00058, 2.34097,-0.00279,-0.01095,-0.00062,-0.02397, 0.04084,-0.01198, 0.99904, 0.44774,297.12577,2115.73278,2316.73208,-1.71897,-0.08182, 0.02599,
 2.30000,1150.00017,-0.94726,-0.01033, 0.05330, 2.34003,-0.08790,500.00063, 2.34095,-0.00439, 0.00027,-0.00059,-0.02560, 0.04084,-0.01185, 0.99903, 0.44774,297.12583,2115.73283,2316.73208,-1.71897,-0.08182, 0.02599,
 2.40000,1200.00017,-1.03145,-0.01115, 0.05379, 2.33998,-0.09058,500.00068, 2.34095,-0.00569, 0.01168,-0.00055,-0.02829, 0.04084,-0.01175, 0.99902, 0.44774,297.12590,2115.73290,2316.73208,-1.71897,-0.08182, 0.02599,
 2.50000,1250.00016,-1.11912,-0.01202, 0.05537, 2.33993,-0.09358,500.00074, 2.34095,-0.00660, 0.02226,-0.00052,-0.03173, 0.04084,-0.01169, 0.99902, 0.44774,297.12598,2115.73296,2316.73208,-1.71897,-0.08182, 0.02599,
 2.60000,1300.00015,-1.21024,-0.01292, 0.05792, 2.33988,-0.09695,500.00080, 2.34095,-0.00707, 0.03116,-0.00048,-0.03556, 0.04084,-0.01166, 0.99902, 0.44774,297.12607,2115.73303,2316.73208,-1.71897,-0.08182, 0.02599,
 2.70000,1350.00015,-1.30478,-0.01387, 0.06124, 2.33984,-0.10070,500.00087, 2.34096,-0.00709, 0.03775,-0.00045,-0.03941, 0.04084,-0.01166, 0.99902, 0.44774,297.12615,2115.73311,2316.73208,-1.71897,-0.08182, 0.02599,
 2.80000,1400.00014,-1.40274,-0.01486, 0.06506, 2.33980,-0.10483,500.00094, 2.34097,-0.00671, 0.04166,-0.00043,-0.04295, 0.04084,-0.01170, 0.99903, 0.44774,297.12624,2115.73318,2316.73208,-1.71897,-0.08182, 0.02599,
 2.90000,1450.00014,-1.50409,-0.01589, 0.06912, 2.33976,-0.10928,500.00100, 2.34097,-0.00599, 0.04276,-0.00041,-0.04589, 0.04084,-0.01177, 0.99903, 0.44774,297.12633,2115.73326,2316.73208,-1.71897,-0.08182, 0.02599,
 3.00000,1500.00013,-1.60885,-0.01696, 0.07315, 2.33973,-0.11399,500.00107, 2.34098,-0.00501, 0.04119,-0.00041,-0.04804, 0.04084,-0.01185, 0.99904, 0.44774,297.12642,2115.73334,2316.73208,-1.71897,-0.08182, 0.02599,
 3.10000,1550.00012,-1.71700,-0.01806, 0.07689, 2.33969,-0.11886,500.00114, 2.34098,-0.00389, 0.03729,-0.00041,-0.04927, 0.04084,-0.01195, 0.99905, 0.44774,297.12651,2115.73343,2316.73208,-1.71897,-0.08182, 0.02599,
 3.20000,1600.00012,-1.82858,-0.01920, 0.08015, 2.33966,-0.12382,500.00121, 2.34099,-0.00272, 0.03158,-0.00042,-0.04954, 0.04084,-0.01205, 0.99905, 0.44774,297.12660,2115.73351,2316.73208,-1.71897,-0.08182, 0.02599,
 3.30000,1650.00011,-1.94357,-0.02037, 0.08277, 2.33962,-0.12875,500.00127, 2.34098,-0.00161, 0.02469,-0.00044,-0.04891, 0.04084,-0.01213, 0.99906, 0.44774,297.12669,2115.73360,2316.73208,-1.71897,-0.08182, 0.02599,
 3.40000,1700.00010,-2.06201,-0.02157, 0.08467, 2.33958,-0.13358,500.00133, 2.34098,-0.00066, 0.01731,-0.00045,-0.04750, 0.04084,-0.01221, 0.99906, 0.44774,297.12677,2115.73369,2316.73208,-1.71897,-0.08182, 0.02599,
 3.50000,1750.00009,-2.18390,-0.02279, 0.08585, 2.33955,-0.13824,500.00140, 2.34097, 0.00009, 0.01010,-0.00047,-0.04548, 0.04084,-0.01227, 0.99906, 0.44774,297.12686,2115.73379,2316.73208,-1.71897,-0.08182, 0.02599,
 3.60000,1800.00007,-2.30926,-0.02405, 0.08635, 2.33950,-0.14267,500.00146, 2.34096, 0.00056, 0.00368,-0.00049,-0.04307, 0.04084,-0.01230, 0.99905, 0.44774,297.12695,2115.73388,2316.73208,-1.71897,-0.08182, 0.02599,
 3.70000,1850.00006,-2.43809,-0.02534, 0.08627, 2.33946,-0.14685,500.00153, 2.34096, 0.00076,-0.00147,-0.00050,-0.04049, 0.04084,-0.01231, 0.99905, 0.44774,297.12704,2115.73398,2316.73208,-1.71897,-0.08182, 0.02599,
 3.80000,1900.00004,-2.57039,-0.02666, 0.08577, 2.33942,-0.15078,500.00160, 2.34095, 0.00068,-0.00505,-0.00050,-0.03798, 0.04084,-0.01230, 0.99905, 0.44774,297.12713,2115.73408,2316.73208,-1.71897,-0.08182, 0.02599,
 3.90000,1950.00002,-2.70617,-0.02801, 0.08501, 2.33937,-0.15447,500.00167, 2.34094, 0.00036,-0.00689,-0.00051,-0.03574, 0.04084,-0.01227, 0.99905, 0.44774,297.12723,2115.73419,2316.73208,-1.71897,-0.08182, 0.02599,
 4.00000,1999.99999,-2.84542,-0.02940, 0.08416, 2.33933,-0.15795,500.00175, 2.34093,-0.00016,-0.00700,-0.00051,-0.03395, 0.04084,-0.01222, 0.99905, 0.44774,297.12733,2115.73429,2316.73208,-1.71897,-0.08182, 0.02599,
 4.10000,2049.99997,-2.98813,-0.03081, 0.08339, 2.33928,-0.16128,500.00183, 2.34093,-0.00082,-0.00547,-0.00050,-0.03270, 0.04084,-0.01216, 0.99904, 0.44774,297.12744,2115.73440,2316.73208,-1.71897,-0.08182, 0.02599,
 4.20000,2099.99994,-3.13428,-0.03226, 0.08284, 2.33924,-0.16451,500.00191, 2.34092,-0.00155,-0.00257,-0.00049,-0.03206, 0.04084,-0.01210, 0.99904, 0.44774,297.12755,2115.73451,2316.73208,-1.71897,-0.08182, 0.02599,
 4.30000,2149.99991,-3.28386,-0.03375, 0.08264, 2.33919,-0.16772,500.00199, 2.34092,-0.00227, 0.00133,-0.00048,-0.03201, 0.04084,-0.01204, 0.99904, 0.44774,297.12766,2115.73462,2316.73208,-1.71897,-0.08182, 0.02599,
 4.40000,2199.99988,-3.43685,-0.03527, 0.08287, 2.33915,-0.17094,500.00208, 2.34092,-0.00294, 0.00582,-0.00047,-0.03251, 0.04084,-0.01199, 0.99904, 0.44774,297.12778,2115.73474,2316.73208,-1.71897,-0.08182, 0.02599,
 4.50000,2249.99985,-3.59324,-0.03683, 0.08355, 2.33911,-0.17424,500.00218, 2.34092,-0.00349, 0.01046,-0.00045,-0.03347, 0.04084,-0.01195, 0.99903, 0.44774,297.12791,2115.73486,2316.73208,-1.71897,-0.08182, 0.02599,
 4.60000,2299.99982,-3.75300,-0.03842, 0.08468, 2.33907,-0.17765,500.00228, 2.34093,-0.00389, 0.01484,-0.00044,-0.03475, 0.04084,-0.01192, 0.99903, 0.44774,297.12804,2115.73498,2316.73208,-1.71897,-0.08182, 0.02599,
 4.70000,2349.99979,-3.91612,-0.04005, 0.08621, 2.33903,-0.18120,500.00238, 2.34093,-0.00412, 0.01861,-0.00042,-0.03623, 0.04084,-0.01190, 0.99904, 0.44774,297.12817,2115.73511,2316.73208,-1.71897,-0.08182, 0.02599,
 4.80000,2399.99975,-4.08259,-0.04172, 0.08807, 2.33900,-0.18490,500.00248, 2.34094,-0.00417, 0.02150,-0.00041,-0.03775, 0.04084,-0.01190, 0.99904, 0.44774,297.12831,2115.73523,2316.73208,-1.71897,-0.08182, 0.02599,
 4.90000,2449.99972,-4.25239,-0.04342, 0.09017, 2.33896,-0.18875,500.00258, 2.34094,-0.00405, 0.02332,-0.00040,-0.03917, 0.04084,-0.01191, 0.99904, 0.44774,297.12845,2115.73536,2316.73208,-1.71897,-0.08182, 0.02599,
 5.00000,2499.99968,-4.42552,-0.04516, 0.09238, 2.33893,-0.19274,500.00269, 2.34095,-0.00378, 0.02402,-0.00040,-0.04038, 0.04084,-0.01194, 0.99904, 0.44774,297.12859,2115.73550,2316.73208,-1.71897,-0.08182, 0.02599,
 5.10000,2549.99964,-4.60197,-0.04693, 0.09460, 2.33889,-0.19683,500.00280, 2.34095,-0.00341, 0.02362,-0.00040,-0.04129, 0.04084,-0.01197, 0.99905, 0.44774,297.12873,2115.73563,2316.73208,-1.71897,-0.08182, 0.02599,
 5.20000,2599.99961,-4.78174,-0.04874, 0.09674, 2.33886,-0.20099,500.00290, 2.34095,-0.00296, 0.02224,-0.00040,-0.04183, 0.04084,-0.01201, 0.99905, 0.44774,297.12887,2115.73577,2316.73208,-1.71897,-0.08182, 0.02599,
 5.30000,2649.99957,-4.96483,-0.05057, 0.09869, 2.33883,-0.20519,500.00301, 2.34096,-0.00249, 0.02008,-0.00040,-0.04199, 0.04084,-0.01205, 0.99905, 0.44774,297.12902,2115.73591,2316.73208,-1.71897,-0.08182, 0.02599,
 5.40000,2699.99953,-5.15125,-0.05243, 0.10039, 2.33880,-0.20938,500.00312, 2.34096,-0.00204, 0.01739,-0.00041,-0.04178, 0.04084,-0.01208, 0.99906, 0.44774,297.12916,2115.73605,2316.73208,-1.71897,-0.08182, 0.02599,
 5.50000,2749.99948,-5.34099,-0.05433, 0.10182, 2.33876,-0.21354,500.00323, 2.34095,-0.00163, 0.01444,-0.00042,-0.04124, 0.04084,-0.01212, 0.99906, 0.44774,297.12931,2115.73620,2316.73208,-1.71897,-0.08182, 0.02599,
 5.60000,2799.99944,-5.53405,-0.05625, 0.10294, 2.33873,-0.21763,500.00334, 2.34095,-0.00131, 0.01149,-0.00043,-0.04044, 0.04084,-0.01214, 0.99906, 0.44774,297.12945,2115.73635,2316.73208,-1.71897,-0.08182, 0.02599,
 5.70000,2849.99939,-5.73045,-0.05820, 0.10379, 2.33869,-0.22163,500.00345, 2.34095,-0.00109, 0.00880,-0.00044,-0.03946, 0.04084,-0.01216, 0.99906, 0.44774,297.12960,2115.73649,2316.73208,-1.71897,-0.08182, 0.02599,
 5.80000,2899.99934,-5.93017,-0.06018, 0.10440, 2.33865,-0.22553,500.00356, 2.34094,-0.00098, 0.00657,-0.00044,-0.03840, 0.04084,-0.01216, 0.99906, 0.44774,297.12975,2115.73665,2316.73208,-1.71897,-0.08182, 0.02599,
 5.90000,2949.99929,-6.13323,-0.06219, 0.10481, 2.33862,-0.22932,500.00367, 2.34094,-0.00099, 0.00495,-0.00045,-0.03735, 0.04084,-0.01216, 0.99906, 0.44774,297.12990,2115.73680,2316.73208,-1.71897,-0.08182, 0.02599,
 6.00000,2999.99924,-6.33960,-0.06423, 0.10510, 2.33858,-0.23301,500.00379, 2.34093,-0.00109, 0.00402,-0.00045,-0.03639, 0.04084,-0.01215, 0.99905, 0.44774,297.13006,2115.73696,2316.73208,-1.71897,-0.08182, 0.02599,
 6.10000,3049.99918,-6.54930,-0.06629, 0.10534, 2.33854,-0.23661,500.00391, 2.34093,-0.00128, 0.00381,-0.00045,-0.03559, 0.04084,-0.01213, 0.99905, 0.44774,297.13022,2115.73711,2316.73208,-1.71897,-0.08182, 0.02599,
 6.20000,3099.99913,-6.76231,-0.06839, 0.10560, 2.33850,-0.24014,500.00403, 2.34093,-0.00153, 0.00428,-0.00045,-0.03499, 0.04084,-0.01211, 0.99905, 0.44774,297.13038,2115.73727,2316.73208,-1.71897,-0.08182, 0.02599,
 6.30000,3149.99907,-6.97862,-0.07051, 0.10593, 2.33846,-0.24362,500.00415, 2.34092,-0.00182, 0.00532,-0.00044,-0.03463, 0.04084,-0.01209, 0.99905, 0.44774,297.13054,2115.73744,2316.73208,-1.71897,-0.08182, 0.02599,
 6.40000,3199.99901,-7.19823,-0.07267, 0.10639, 2.33843,-0.24708,500.00428, 2.34092,-0.00211, 0.00680,-0.00044,-0.03452, 0.04084,-0.01206, 0.99905, 0.44774,297.13071,2115.73760,2316.73208,-1.71897,-0.08182, 0.02599,
 6.50000,3249.99894,-7.42112,-0.07485, 0.10702, 2.33839,-0.25054,500.00440, 2.34092,-0.00238, 0.00855,-0.00043,-0.03463, 0.04084,-0.01204, 0.99905, 0.44774,297.13088,2115.73777,2316.73208,-1.71897,-0.08182, 0.02599,
 6.60000,3299.99888,-7.64728,-0.07707, 0.10782, 2.33835,-0.25402,500.00454, 2.34092,-0.00262, 0.01041,-0.00042,-0.03494, 0.04084,-0.01202, 0.99905, 0.44774,297.13106,2115.73794,2316.73208,-1.71897,-0.08182, 0.02599,
 6.70000,3349.99881,-7.87671,-0.07932, 0.10881, 2.33832,-0.25753,500.00467, 2.34092,-0.00279, 0.01220,-0.00041,-0.03539, 0.04084,-0.01201, 0.99905, 0.44774,297.13123,2115.73811,2316.73208,-1.71897,-0.08182, 0.02599,
 6.80000,3399.99875,-8.10939,-0.08159, 0.10997, 2.33828,-0.26110,500.00480, 2.34092,-0.00290, 0.01377,-0.00040,-0.03593, 0.04084,-0.01200, 0.99905, 0.44774,297.13141,2115.73828,2316.73208,-1.71897,-0.08182, 0.02599,
 6.90000,3449.99868,-8.34532,-0.08390, 0.11126, 2.33825,-0.26473,500.00494, 2.34092,-0.00293, 0.01501,-0.00040,-0.03651, 0.04084,-0.01200, 0.99905, 0.44774,297.13160,2115.73846,2316.73208,-1.71897,-0.08182, 0.02599,
 7.00000,3499.99861,-8.58448,-0.08624, 0.11266, 2.33822,-0.26841,500.00508, 2.34093,-0.00290, 0.01585,-0.00039,-0.03706, 0.04084,-0.01200, 0.99905, 0.44774,297.13178,2115.73864,2316.73208,-1.71897,-0.08182, 0.02599,
 7.10000,3549.99853,-8.82687,-0.08861, 0.11411, 2.33819,-0.27214,500.00522, 2.34093,-0.00280, 0.01623,-0.00039,-0.03753, 0.04084,-0.01201, 0.99905, 0.44774,297.13197,2115.73882,2316.73208,-1.71897,-0.08182, 0.02599,
 7.20000,3599.99846,-9.07248,-0.09100, 0.11558, 2.33816,-0.27592,500.00536, 2.34093,-0.00266, 0.01616,-0.00039,-0.03789, 0.04084,-0.01202, 0.99906, 0.44774,297.13216,2115.73900,2316.73208,-1.71897,-0.08182, 0.02599,
 7.30000,3649.99838,-9.32132,-0.09343, 0.11702, 2.33813,-0.27972,500.00550, 2.34093,-0.00249, 0.01569,-0.00039,-0.03811, 0.04084,-0.01204, 0.99906, 0.44774,297.13235,2115.73919,2316.73208,-1.71897,-0.08182, 0.02599,
 7.40000,3699.99830,-9.57338,-0.09588, 0.11840, 2.33809,-0.28354,500.00565, 2.34093,-0.00230, 0.01488,-0.00039,-0.03818, 0.04084,-0.01206, 0.99906, 0.44774,297.13254,2115.73938,2316.73208,-1.71897,-0.08182, 0.02599,
 7.50000,3749.99822,-9.82864,-0.09836, 0.11968, 2.33806,-0.28736,500.00579, 2.34093,-0.00211, 0.01383,-0.00039,-0.03809, 0.04084,-0.01207, 0.99906, 0.44774,297.13273,2115.73956,2316.73208,-1.71897,-0.08182, 0.02599,
 7.60000,3799.99814,-10.08712,-0.10087, 0.12085, 2.33803,-0.29116,500.00594, 2.34093,-0.00194, 0.01265,-0.00039,-0.03787, 0.04084,-0.01208, 0.99906, 0.44774,297.13293,2115.73976,2316.73208,-1.71897,-0.08182, 0.02599,
 7.70000,3849.99806,-10.34882,-0.10340, 0.12190, 2.33800,-0.29494,500.00608, 2.34093,-0.00180, 0.01145,-0.00039,-0.03754, 0.04084,-0.01210, 0.99906, 0.44775,297.13312,2115.73995,2316.73208,-1.71897,-0.08182, 0.02599,
 7.80000,3899.99797,-10.61371,-0.10596, 0.12284, 2.33797,-0.29867,500.00623, 2.34093,-0.00169, 0.01032,-0.00039,-0.03712, 0.04084,-0.01210, 0.99906, 0.44775,297.13332,2115.74015,2316.73208,-1.71897,-0.08182, 0.02599,
 7.90000,3949.99788,-10.88182,-0.10854, 0.12367, 2.33794,-0.30237,500.00638, 2.34092,-0.00164, 0.00936,-0.00039,-0.03667, 0.04084,-0.01211, 0.99906, 0.44775,297.13352,2115.74034,2316.73208,-1.71897,-0.08182, 0.02599,
 8.00000,3999.99779,-11.15312,-0.11115, 0.12442, 2.33791,-0.30601,500.00653, 2.34092,-0.00163, 0.00864,-0.00040,-0.03621, 0.04084,-0.01211, 0.99906, 0.44775,297.13372,2115.74054,2316.73208,-1.71897,-0.08182, 0.02599,
 8.10000,4049.99770,-11.42762,-0.11378, 0.12511, 2.33788,-0.30961,500.00668, 2.34092,-0.00166, 0.00818,-0.00040,-0.03577, 0.04084,-0.01210, 0.99906, 0.44775,297.13393,2115.74074,2316.73208,-1.71897,-0.08182, 0.02599,
 8.20000,4099.99761,-11.70531,-0.11644, 0.12577, 2.33784,-0.31318,500.00684, 2.34092,-0.00172, 0.00802,-0.00039,-0.03540, 0.04084,-0.01210, 0.99906, 0.44775,297.13413,2115.74095,2316.73208,-1.71897,-0.08182, 0.02599,
 8.30000,4149.99751,-11.98619,-0.11913, 0.12643, 2.33781,-0.31670,500.00699, 2.34091,-0.00182, 0.00813,-0.00039,-0.03510, 0.04084,-0.01209, 0.99906, 0.44775,297.13434,2115.74115,2316.73208,-1.71897,-0.08182, 0.02599,
 8.40000,4199.99741,-12.27025,-0.12184, 0.12712, 2.33778,-0.32021,500.00715, 2.34091,-0.00193, 0.00848,-0.00039,-0.03490, 0.04084,-0.01208, 0.99906, 0.44775,297.13455,2115.74136,2316.73208,-1.71897,-0.08182, 0.02599,
 8.50000,4249.99730,-12.55748,-0.12457, 0.12785, 2.33775,-0.32369,500.00731, 2.34091,-0.00204, 0.00902,-0.00039,-0.03479, 0.04084,-0.01207, 0.99906, 0.44775,297.13476,2115.74157,2316.73208,-1.71897,-0.08182, 0.02599,
 8.60000,4299.99720,-12.84788,-0.12734, 0.12864, 2.33772,-0.32717,500.00747, 2.34091,-0.00215, 0.00969,-0.00038,-0.03478, 0.04084,-0.01206, 0.99906, 0.44775,297.13498,2115.74178,2316.73208,-1.71897,-0.08182, 0.02599,
 8.70000,4349.99709,-13.14144,-0.13012, 0.12951, 2.33769,-0.33066,500.00763, 2.34091,-0.00225, 0.01042,-0.00038,-0.03485, 0.04084,-0.01205, 0.99906, 0.44775,297.13519,2115.74199,2316.73208,-1.71897,-0.08182, 0.02599,
 8.80000,4399.99698,-13.43815,-0.13293, 0.13044, 2.33766,-0.33415,500.00779, 2.34091,-0.00232, 0.01114,-0.00037,-0.03498, 0.04084,-0.01205, 0.99906, 0.44775,297.13541,2115.74221,2316.73208,-1.71897,-0.08182, 0.02599,
 8.90000,4449.99687,-13.73800,-0.13577, 0.13145, 2.33763,-0.33766,500.00796, 2.34091,-0.00237, 0.01179,-0.00037,-0.03516, 0.04084,-0.01204, 0.99906, 0.44775,297.13563,2115.74242,2316.73208,-1.71897,-0.08182, 0.02599,
 9.00000,4499.99676,-14.04099,-0.13863, 0.13251, 2.33760,-0.34119,500.00813, 2.34091,-0.00239, 0.01231,-0.00036,-0.03536, 0.04084,-0.01204, 0.99906, 0.44775,297.13586,2115.74264,2316.73208,-1.71897,-0.08182, 0.02599,
 9.10000,4549.99664,-14.34711,-0.14152, 0.13362, 2.33757,-0.34474,500.00829, 2.34091,-0.00238, 0.01268,-0.00036,-0.03555, 0.04084,-0.01204, 0.99907, 0.44775,297.13608,2115.74286,2316.73208,-1.71897,-0.08182, 0.02599,
 9.20000,4599.99652,-14.65635,-0.14443, 0.13475, 2.33755,-0.34830,500.00846, 2.34091,-0.00235, 0.01287,-0.00036,-0.03571, 0.04084,-0.01205, 0.99907, 0.44775,297.13631,2115.74309,2316.73208,-1.71897,-0.08182, 0.02599,
 9.30000,4649.99640,-14.96871,-0.14736, 0.13589, 2.33752,-0.35188,500.00863, 2.34091,-0.00229, 0.01287,-0.00035,-0.03583, 0.04083,-0.01205, 0.99907, 0.44775,297.13653,2115.74331,2316.73208,-1.71897,-0.08182, 0.02599,
 9.40000,4699.99628,-15.28419,-0.15032, 0.13703, 2.33749,-0.35547,500.00880, 2.34091,-0.00222, 0.01271,-0.00035,-0.03590, 0.04083,-0.01206, 0.99907, 0.44775,297.13676,2115.74354,2316.73208,-1.71897,-0.08182, 0.02599,
 9.50000,4749.99615,-15.60278,-0.15330, 0.13814, 2.33747,-0.35907,500.00898, 2.34091,-0.00214, 0.01241,-0.00035,-0.03591, 0.04083,-0.01206, 0.99907, 0.44775,297.13700,2115.74376,2316.73208,-1.71897,-0.08182, 0.02599,
 9.60000,4799.99602,-15.92448,-0.15630, 0.13921, 2.33744,-0.36266,500.00915, 2.34091,-0.00206, 0.01199,-0.00035,-0.03585, 0.04083,-0.01207, 0.99907, 0.44775,297.13723,2115.74399,2316.73208,-1.71897,-0.08182, 0.02599,
 9.70000,4849.99589,-16.24928,-0.15933, 0.14024, 2.33742,-0.36624,500.00932, 2.34091,-0.00199, 0.01152,-0.00035,-0.03574, 0.04083,-0.01208, 0.99907, 0.44775,297.13746,2115.74423,2316.73208,-1.71897,-0.08182, 0.02599,
 9.80000,4899.99576,-16.57717,-0.16238, 0.14122, 2.33739,-0.36981,500.00950, 2.34090,-0.00193, 0.01102,-0.00035,-0.03559, 0.04083,-0.01208, 0.99907, 0.44775,297.13770,2115.74446,2316.73208,-1.71897,-0.08182, 0.02599,
 9.90000,4949.99562,-16.90817,-0.16544, 0.14215, 2.33736,-0.37337,500.00968, 2.34090,-0.00188, 0.01055,-0.00035,-0.03539, 0.04083,-0.01208, 0.99907, 0.44775,297.13793,2115.74469,2316.73208,-1.71897,-0.08182, 0.02599,
10.00000,4999.99548,-17.24225,-0.16853, 0.14304, 2.33734,-0.37690,500.00985, 2.34090,-0.00185, 0.01013,-0.00035,-0.03518, 0.04083,-0.01209, 0.99907, 0.44775,297.13817,2115.74493,2316.73208,-1.71897,-0.08182, 0.02599,
10.10000,5049.99534,-17.57941,-0.17164, 0.14390, 2.33731,-0.38041,500.01003, 2.34090,-0.00184, 0.00980,-0.00034,-0.03496, 0.04083,-0.01209, 0.99907, 0.44775,297.13841,2115.74517,2316.73208,-1.71897,-0.08182, 0.02599,
10.20000,5099.99519,-17.91966,-0.17478, 0.14472, 2.33729,-0.38389,500.01021, 2.34090,-0.00185, 0.00958,-0.00034,-0.03474, 0.04083,-0.01208, 0.99907, 0.44775,297.13865,2115.74541,2316.73208,-1.71897,-0.08182, 0.02599,
10.30000,5149.99505,-18.26299,-0.17793, 0.14553, 2.33726,-0.38736,500.01039, 2.34090,-0.00187, 0.00948,-0.00034,-0.03455, 0.04083,-0.01208, 0.99907, 0.44775,297.13889,2115.74565,2316.73208,-1.71897,-0.08182, 0.02599,
10.40000,5199.99489,-18.60938,-0.18110, 0.14634, 2.33724,-0.39081,500.01058, 2.34090,-0.00190, 0.00948,-0.00034,-0.03439, 0.04083,-0.01208, 0.99907, 0.44775,297.13914,2115.74589,2316.73208,-1.71897,-0.08182, 0.02599,
10.50000,5249.99474,-18.95884,-0.18429, 0.14715, 2.33721,-0.39425,500.01076, 2.34089,-0.00194, 0.00959,-0.00034,-0.03427, 0.04083,-0.01208, 0.99908, 0.44775,297.13938,2115.74613,2316.73208,-1.71897,-0.08182, 0.02599,
10.60000,5299.99458,-19.31136,-0.18751, 0.14798, 2.33719,-0.39767,500.01094, 2.34089,-0.00199, 0.00978,-0.00033,-0.03418, 0.04083,-0.01207, 0.99908, 0.44775,297.13963,2115.74638,2316.73208,-1.71897,-0.08182, 0.02599,
10.70000,5349.99442,-19.66694,-0.19074, 0.14883, 2.33716,-0.40109,500.01113, 2.34089,-0.00203, 0.01003,-0.00033,-0.03413, 0.04083,-0.01207, 0.99908, 0.44775,297.13988,2115.74663,2316.73208,-1.71897,-0.08182, 0.02599,
10.80000,5399.99426,-20.02556,-0.19399, 0.14971, 2.33714,-0.40451,500.01132, 2.34089,-0.00207, 0.01031,-0.00033,-0.03412, 0.04083,-0.01207, 0.99908, 0.44775,297.14013,2115.74688,2316.73208,-1.71897,-0.08182, 0.02599,
10.90000,5449.99409,-20.38723,-0.19727, 0.15061, 2.33711,-0.40792,500.01150, 2.34089,-0.00210, 0.01059,-0.00032,-0.03413, 0.04083,-0.01206, 0.99908, 0.44775,297.14038,2115.74713,2316.73208,-1.71897,-0.08182, 0.02599,
11.00000,5499.99392,-20.75193,-0.20056, 0.15155, 2.33709,-0.41134,500.01169, 2.34089,-0.00212, 0.01085,-0.00032,-0.03417, 0.04083,-0.01206, 0.99908, 0.44775,297.14063,2115.74738,2316.73208,-1.71897,-0.08182, 0.02599,
11.10000,5549.99375,-21.11966,-0.20387, 0.15250, 2.33707,-0.41476,500.01188, 2.34089,-0.00213, 0.01106,-0.00032,-0.03421, 0.04083,-0.01206, 0.99908, 0.44775,297.14088,2115.74763,2316.73208,-1.71897,-0.08182, 0.02599,
11.20000,5599.99357,-21.49042,-0.20720, 0.15348, 2.33705,-0.41819,500.01207, 2.34089,-0.00212, 0.01121,-0.00031,-0.03425, 0.04083,-0.01206, 0.99908, 0.44775,297.14114,2115.74789,2316.73208,-1.71897,-0.08182, 0.02599,
11.30000,5649.99339,-21.86419,-0.21055, 0.15446, 2.33702,-0.42162,500.01226, 2.34089,-0.00211, 0.01129,-0.00031,-0.03429, 0.04083,-0.01206, 0.99908, 0.44775,297.14140,2115.74814,2316.73208,-1.71897,-0.08182, 0.02599,
11.40000,5699.99320,-22.24098,-0.21392, 0.15545, 2.33700,-0.42505,500.01246, 2.34089,-0.00209, 0.01130,-0.00031,-0.03431, 0.04083,-0.01206, 0.99908, 0.44775,297.14166,2115.74840,2316.73208,-1.71897,-0.08182, 0.02599,
11.50000,5749.99302,-22.62078,-0.21730, 0.15644, 2.33698,-0.42848,500.01265, 2.34089,-0.00206, 0.01124,-0.00030,-0.03431, 0.04083,-0.01207, 0.99908, 0.44775,297.14191,2115.74866,2316.73208,-1.71897,-0.08182, 0.02599,
11.60000,5799.99283,-23.00359,-0.22071, 0.15742, 2.33696,-0.43192,500.01284, 2.34088,-0.00203, 0.01112,-0.00030,-0.03429, 0.04083,-0.01207, 0.99908, 0.44775,297.14217,2115.74892,2316.73208,-1.71897,-0.08182, 0.02599,
11.70000,5849.99263,-23.38939,-0.22413, 0.15839, 2.33694,-0.43535,500.01304, 2.34088,-0.00199, 0.01096,-0.00030,-0.03424, 0.04083,-0.01207, 0.99908, 0.44775,297.14244,2115.74918,2316.73208,-1.71897,-0.08182, 0.02599,
11.80000,5899.99243,-23.77819,-0.22756, 0.15933, 2.33692,-0.43877,500.01323, 2.34088,-0.00196, 0.01076,-0.00030,-0.03416, 0.04083,-0.01207, 0.99908, 0.44775,297.14270,2115.74944,2316.73208,-1.71897,-0.08182, 0.02599,
11.90000,5949.99223,-24.16998,-0.23102, 0.16026, 2.33690,-0.44219,500.01343, 2.34088,-0.00193, 0.01055,-0.00029,-0.03407, 0.04083,-0.01208, 0.99909, 0.44775,297.14296,2115.74971,2316.73208,-1.71897,-0.08182, 0.02599,
12.00000,5999.99203,-24.56476,-0.23449, 0.16116, 2.33688,-0.44559,500.01363, 2.34088,-0.00191, 0.01035,-0.00029,-0.03396, 0.04083,-0.01208, 0.99909, 0.44775,297.14323,2115.74997,2316.73208,-1.71897,-0.08182, 0.02599,
12.10000,6049.99182,-24.96252,-0.23797, 0.16205, 2.33686,-0.44898,500.01383, 2.34088,-0.00190, 0.01016,-0.00029,-0.03385, 0.04083,-0.01208, 0.99909, 0.44775,297.14349,2115.75024,2316.73208,-1.71897,-0.08182, 0.02599,
12.20000,6099.99160,-25.36326,-0.24147, 0.16292, 2.33684,-0.45237,500.01402, 2.34088,-0.00189, 0.01001,-0.00029,-0.03373, 0.04083,-0.01208, 0.99909, 0.44775,297.14376,2115.75051,2316.73208,-1.71897,-0.08182, 0.02599,
12.30000,6149.99139,-25.76697,-0.24499, 0.16378, 2.33682,-0.45573,500.01422, 2.34088,-0.00189, 0.00990,-0.00029,-0.03361, 0.04083,-0.01208, 0.99909, 0.44775,297.14402,2115.75077,2316.73208,-1.71897,-0.08182, 0.02599,
12.40000,6199.99116,-26.17364,-0.24852, 0.16463, 2.33680,-0.45909,500.01442, 2.34088,-0.00189, 0.00983,-0.00028,-0.03349, 0.04083,-0.01208, 0.99909, 0.44775,297.14429,2115.75104,2316.73208,-1.71897,-0.08182, 0.02599,
12.50000,6249.99094,-26.58328,-0.25207, 0.16547, 2.33678,-0.46244,500.01462, 2.34087,-0.00190, 0.00981,-0.00028,-0.03339, 0.04083,-0.01208, 0.99909, 0.44775,297.14456,2115.75132,2316.73208,-1.71897,-0.08182, 0.02599,
12.60000,6299.99071,-26.99588,-0.25563, 0.16632, 2.33677,-0.46578,500.01483, 2.34087,-0.00191, 0.00984,-0.00028,-0.03331, 0.04083,-0.01208, 0.99909, 0.44775,297.14483,2115.75159,2316.73208,-1.71897,-0.08182, 0.02599,
12.70000,6349.99047,-27.41143,-0.25921, 0.16717, 2.33675,-0.46911,500.01503, 2.34087,-0.00193, 0.00990,-0.00028,-0.03324, 0.04083,-0.01208, 0.99909, 0.44775,297.14510,2115.75186,2316.73208,-1.71897,-0.08182, 0.02599,
12.80000,6399.99024,-27.82993,-0.26280, 0.16803, 2.33673,-0.47243,500.01523, 2.34087,-0.00195, 0.00998,-0.00027,-0.03318, 0.04083,-0.01207, 0.99909, 0.44775,297.14537,2115.75214,2316.73208,-1.71897,-0.08182, 0.02599,
12.90000,6449.98999,-28.25136,-0.26641, 0.16890, 2.33671,-0.47575,500.01543, 2.34087,-0.00196, 0.01008,-0.00027,-0.03314, 0.04083,-0.01207, 0.99909, 0.44775,297.14565,2115.75241,2316.73208,-1.71897,-0.08182, 0.02599,
13.00000,6499.98975,-28.67574,-0.27003, 0.16977, 2.33670,-0.47906,500.01564, 2.34087,-0.00197, 0.01018,-0.00027,-0.03311, 0.04083,-0.01207, 0.99909, 0.44775,297.14592,2115.75269,2316.73208,-1.71897,-0.08182, 0.02599,
13.10000,6549.98949,-29.10305,-0.27366, 0.17066, 2.33668,-0.48238,500.01584, 2.34087,-0.00198, 0.01028,-0.00026,-0.03309, 0.04083,-0.01207, 0.99909, 0.44775,297.14620,2115.75297,2316.73208,-1.71897,-0.08182, 0.02599,
13.20000,6599.98924,-29.53328,-0.27731, 0.17156, 2.33666,-0.48569,500.01605, 2.34087,-0.00198, 0.01036,-0.00026,-0.03307, 0.04083,-0.01207, 0.99909, 0.44775,297.14647,2115.75325,2316.73208,-1.71897,-0.08182, 0.02599,
13.30000,6649.98898,-29.96643,-0.28097, 0.17246, 2.33665,-0.48900,500.01625, 2.34087,-0.00198, 0.01041,-0.00026,-0.03306, 0.04083,-0.01207, 0.99909, 0.44775,297.14675,2115.75353,2316.73208,-1.71897,-0.08182, 0.02599,
13.40000,6699.98871,-30.40250,-0.28464, 0.17337, 2.33663,-0.49231,500.01646, 2.34086,-0.00197, 0.01044,-0.00025,-0.03304, 0.04083,-0.01207, 0.99910, 0.44775,297.14703,2115.75381,2316.73208,-1.71897,-0.08182, 0.02599,
13.50000,6749.98844,-30.84149,-0.28833, 0.17428, 2.33662,-0.49561,500.01667, 2.34086,-0.00196, 0.01044,-0.00025,-0.03302, 0.04083,-0.01207, 0.99910, 0.44775,297.14730,2115.75409,2316.73208,-1.71897,-0.08182, 0.02599,
13.60000,6799.98816,-31.28337,-0.29202, 0.17519, 2.33660,-0.49891,500.01687, 2.34086,-0.00195, 0.01042,-0.00025,-0.03299, 0.04083,-0.01207, 0.99910, 0.44775,297.14758,2115.75437,2316.73208,-1.71897,-0.08182, 0.02599,
13.70000,6849.98788,-31.72816,-0.29573, 0.17609, 2.33659,-0.50221,500.01708, 2.34086,-0.00193, 0.01036,-0.00024,-0.03295, 0.04083,-0.01207, 0.99910, 0.44775,297.14786,2115.75465,2316.73208,-1.71897,-0.08182, 0.02599,
13.80000,6899.98760,-32.17585,-0.29945, 0.17699, 2.33657,-0.50551,500.01729, 2.34086,-0.00192, 0.01029,-0.00024,-0.03290, 0.04083,-0.01208, 0.99910, 0.44775,297.14814,2115.75494,2316.73208,-1.71897,-0.08182, 0.02599,
13.90000,6949.98731,-32.62643,-0.30318, 0.17788, 2.33656,-0.50880,500.01750, 2.34086,-0.00190, 0.01020,-0.00024,-0.03284, 0.04083,-0.01208, 0.99910, 0.44775,297.14842,2115.75522,2316.73208,-1.71897,-0.08182, 0.02599,
14.00000,6999.98701,-33.07990,-0.30693, 0.17877, 2.33655,-0.51208,500.01771, 2.34086,-0.00189, 0.01011,-0.00024,-0.03278, 0.04083,-0.01208, 0.99910, 0.44776,297.14870,2115.75551,2316.73208,-1.71897,-0.08182, 0.02599,
14.10000,7049.98671,-33.53625,-0.31068, 0.17964, 2.33653,-0.51536,500.01792, 2.34086,-0.00188, 0.01002,-0.00023,-0.03270, 0.04083,-0.01208, 0.99910, 0.44776,297.14898,2115.75580,2316.73208,-1.71897,-0.08182, 0.02599,
14.20000,7099.98640,-33.99547,-0.31444, 0.18050, 2.33652,-0.51863,500.01813, 2.34086,-0.00187, 0.00993,-0.00023,-0.03262, 0.04083,-0.01208, 0.99910, 0.44776,297.14926,2115.75608,2316.73208,-1.71897,-0.08182, 0.02599,
14.30000,7149.98609,-34.45757,-0.31822, 0.18136, 2.33651,-0.52189,500.01834, 2.34085,-0.00186, 0.00985,-0.00023,-0.03254, 0.04083,-0.01208, 0.99910, 0.44776,297.14955,2115.75637,2316.73208,-1.71897,-0.08182, 0.02599,
14.40000,7199.98577,-34.92254,-0.32200, 0.18221, 2.33649,-0.52514,500.01855, 2.34085,-0.00186, 0.00979,-0.00023,-0.03246, 0.04083,-0.01208, 0.99910, 0.44776,297.14983,2115.75666,2316.73208,-1.71897,-0.08182, 0.02599,
14.50000,7249.98545,-35.39038,-0.32580, 0.18305, 2.33648,-0.52839,500.01876, 2.34085,-0.00186, 0.00975,-0.00022,-0.03239, 0.04083,-0.01208, 0.99910, 0.44776,297.15011,2115.75695,2316.73208,-1.71897,-0.08182, 0.02599,
14.60000,7299.98512,-35.86107,-0.32960, 0.18389, 2.33647,-0.53163,500.01897, 2.34085,-0.00186, 0.00973,-0.00022,-0.03231, 0.04083,-0.01208, 0.99910, 0.44776,297.15040,2115.75724,2316.73208,-1.71897,-0.08182, 0.02599,
14.70000,7349.98478,-36.33462,-0.33341, 0.18474, 2.33646,-0.53486,500.01918, 2.34085,-0.00187, 0.00973,-0.00022,-0.03224, 0.04083,-0.01208, 0.99911, 0.44776,297.15068,2115.75753,2316.73208,-1.71897,-0.08182, 0.02599,
14.80000,7399.98444,-36.81102,-0.33723, 0.18558, 2.33645,-0.53808,500.01939, 2.34085,-0.00187, 0.00974,-0.00021,-0.03218, 0.04083,-0.01208, 0.99911, 0.44776,297.15096,2115.75783,2316.73208,-1.71897,-0.08182, 0.02599,
14.90000,7449.98410,-37.29026,-0.34106, 0.18642, 2.33644,-0.54130,500.01960, 2.34085,-0.00187, 0.00976,-0.00021,-0.03213, 0.04083,-0.01208, 0.99911, 0.44776,297.15125,2115.75812,2316.73208,-1.71897,-0.08182, 0.02599,
15.00000,7499.98374,-37.77234,-0.34490, 0.18727, 2.33643,-0.54451,500.01982, 2.34085,-0.00188, 0.00979,-0.00021,-0.03208, 0.04083,-0.01208, 0.99911, 0.44776,297.15153,2115.75841,2316.73208,-1.71897,-0.08182, 0.02599,
15.10000,7549.98338,-38.25726,-0.34874, 0.18812, 2.33642,-0.54772,500.02003, 2.34085,-0.00188, 0.00982,-0.00021,-0.03203, 0.04083,-0.01208, 0.99911, 0.44776,297.15182,2115.75871,2316.73208,-1.71897,-0.08182, 0.02599,
15.20000,7599.98302,-38.74501,-0.35259, 0.18897, 2.33641,-0.55092,500.02024, 2.34084,-0.00188, 0.00985,-0.00020,-0.03199, 0.04083,-0.01208, 0.99911, 0.44776,297.15211,2115.75900,2316.73208,-1.71897,-0.08182, 0.02599,
15.30000,7649.98265,-39.23558,-0.35645, 0.18982, 2.33640,-0.55412,500.02045, 2.34084,-0.00188, 0.00987,-0.00020,-0.03196, 0.04083,-0.01208, 0.99911, 0.44776,297.15239,2115.75930,2316.73208,-1.71897,-0.08182, 0.02599,
15.40000,7699.98227,-39.72898,-0.36032, 0.19068, 2.33639,-0.55732,500.02067, 2.34084,-0.00188, 0.00989,-0.00020,-0.03192, 0.04083,-0.01208, 0.99911, 0.44776,297.15268,2115.75959,2316.73208,-1.71897,-0.08182, 0.02599,
15.50000,7749.98188,-40.22519,-0.36419, 0.19154, 2.33638,-0.56051,500.02088, 2.34084,-0.00188, 0.00989,-0.00019,-0.03188, 0.04083,-0.01208, 0.99911, 0.44776,297.15297,2115.75989,2316.73208,-1.71897,-0.08182, 0.02599,
15.60000,7799.98149,-40.72421,-0.36808, 0.19240, 2.33637,-0.56370,500.02109, 2.34084,-0.00187, 0.00988,-0.00019,-0.03184, 0.04083,-0.01208, 0.99911, 0.44776,297.15325,2115.76018,2316.73208,-1.71897,-0.08182, 0.02599,
15.70000,7849.98109,-41.22604,-0.37196, 0.19326, 2.33636,-0.56689,500.02131, 2.34084,-0.00186, 0.00986,-0.00019,-0.03180, 0.04083,-0.01208, 0.99911, 0.44776,297.15354,2115.76048,2316.73208,-1.71897,-0.08182, 0.02599,
15.80000,7899.98069,-41.73067,-0.37585, 0.19411, 2.33635,-0.57007,500.02152, 2.34084,-0.00185, 0.00983,-0.00018,-0.03175, 0.04083,-0.01208, 0.99911, 0.44776,297.15383,2115.76078,2316.73208,-1.71897,-0.08182, 0.02599,
15.90000,7949.98027,-42.23809,-0.37975, 0.19496, 2.33635,-0.57324,500.02173, 2.34084,-0.00185, 0.00980,-0.00018,-0.03170, 0.04083,-0.01208, 0.99911, 0.44776,297.15411,2115.76108,2316.73208,-1.71897,-0.08182, 0.02599,
16.00000,7999.97986,-42.74831,-0.38366, 0.19581, 2.33634,-0.57641,500.02195, 2.34084,-0.00184, 0.00975,-0.00018,-0.03165, 0.04083,-0.01208, 0.99911, 0.44776,297.15440,2115.76138,2316.73208,-1.71897,-0.08182, 0.02599,
16.10000,8049.97943,-43.26132,-0.38756, 0.19666, 2.33633,-0.57958,500.02216, 2.34083,-0.00183, 0.00971,-0.00018,-0.03159, 0.04083,-0.01208, 0.99912, 0.44776,297.15469,2115.76167,2316.73208,-1.71897,-0.08182, 0.02599,
16.20000,8099.97899,-43.77711,-0.39148, 0.19750, 2.33633,-0.58274,500.02237, 2.34083,-0.00182, 0.00966,-0.00017,-0.03153, 0.04083,-0.01208, 0.99912, 0.44776,297.15498,2115.76197,2316.73208,-1.71897,-0.08182, 0.02599,
16.30000,8149.97855,-44.29568,-0.39540, 0.19833, 2.33632,-0.58589,500.02259, 2.34083,-0.00182, 0.00961,-0.00017,-0.03147, 0.04083,-0.01208, 0.99912, 0.44776,297.15526,2115.76227,2316.73208,-1.71897,-0.08182, 0.02599,
16.40000,8199.97810,-44.81702,-0.39932, 0.19916, 2.33631,-0.58904,500.02280, 2.34083,-0.00181, 0.00957,-0.00017,-0.03141, 0.04083,-0.01208, 0.99912, 0.44776,297.15555,2115.76257,2316.73208,-1.71897,-0.08182, 0.02599,
16.50000,8249.97765,-45.34114,-0.40324, 0.19999, 2.33631,-0.59218,500.02301, 2.34083,-0.00181, 0.00954,-0.00016,-0.03135, 0.04083,-0.01208, 0.99912, 0.44776,297.15584,2115.76287,2316.73208,-1.71897,-0.08182, 0.02599,
16.60000,8299.97718,-45.86801,-0.40717, 0.20081, 2.33630,-0.59531,500.02323, 2.34083,-0.00181, 0.00951,-0.00016,-0.03129, 0.04083,-0.01208, 0.99912, 0.44776,297.15613,2115.76317,2316.73208,-1.71897,-0.08182, 0.02599,
16.70000,8349.97671,-46.39765,-0.41111, 0.20163, 2.33630,-0.59844,500.02344, 2.34083,-0.00181, 0.00949,-0.00016,-0.03122, 0.04083,-0.01208, 0.99912, 0.44776,297.15641,2115.76347,2316.73208,-1.71897,-0.08182, 0.02599,
16.80000,8399.97623,-46.93005,-0.41504, 0.20246, 2.33629,-0.60156,500.02365, 2.34083,-0.00181, 0.00947,-0.00016,-0.03117, 0.04083,-0.01208, 0.99912, 0.44776,297.15670,2115.76378,2316.73208,-1.71897,-0.08182, 0.02599,
16.90000,8449.97574,-47.46519,-0.41898, 0.20328, 2.33629,-0.60468,500.02386, 2.34082,-0.00181, 0.00947,-0.00015,-0.03111, 0.04083,-0.01208, 0.99912, 0.44776,297.15699,2115.76408,2316.73208,-1.71897,-0.08182, 0.02599,
17.00000,8499.97525,-48.00308,-0.42292, 0.20409, 2.33628,-0.60779,500.02408, 2.34082,-0.00181, 0.00946,-0.00015,-0.03106, 0.04083,-0.01208, 0.99912, 0.44776,297.15727,2115.76438,2316.73208,-1.71897,-0.08182, 0.02599,
17.10000,8549.97474,-48.54372,-0.42687, 0.20491, 2.33628,-0.61090,500.02429, 2.34082,-0.00181, 0.00946,-0.00015,-0.03101, 0.04083,-0.01208, 0.99912, 0.44776,297.15756,2115.76468,2316.73208,-1.71897,-0.08182, 0.02599,
17.20000,8599.97423,-49.08709,-0.43081, 0.20573, 2.33628,-0.61400,500.02450, 2.34082,-0.00181, 0.00947,-0.00014,-0.03096, 0.04083,-0.01208, 0.99912, 0.44776,297.15785,2115.76498,2316.73208,-1.71897,-0.08182, 0.02599,
17.30000,8649.97371,-49.63319,-0.43476, 0.20656, 2.33627,-0.61709,500.02471, 2.34082,-0.00180, 0.00947,-0.00014,-0.03091, 0.04083,-0.01208, 0.99912, 0.44776,297.15813,2115.76528,2316.73208,-1.71897,-0.08182, 0.02599,
17.40000,8699.97318,-50.18202,-0.43871, 0.20738, 2.33627,-0.62018,500.02493, 2.34082,-0.00180, 0.00947,-0.00014,-0.03087, 0.04083,-0.01208, 0.99913, 0.44776,297.15842,2115.76558,2316.73208,-1.71897,-0.08182, 0.02599,
17.50000,8749.97264,-50.73358,-0.44266, 0.20820, 2.33627,-0.62327,500.02514, 2.34082,-0.00180, 0.00947,-0.00013,-0.03082, 0.04083,-0.01208, 0.99913, 0.44776,297.15871,2115.76589,2316.73208,-1.71897,-0.08182, 0.02599,
17.60000,8799.97209,-51.28785,-0.44661, 0.20902, 2.33627,-0.62635,500.02535, 2.34082,-0.00180, 0.00946,-0.00013,-0.03078, 0.04083,-0.01208, 0.99913, 0.44776,297.15899,2115.76619,2316.73208,-1.71897,-0.08182, 0.02599,
17.70000,8849.97153,-51.84484,-0.45056, 0.20984, 2.33627,-0.62943,500.02556, 2.34082,-0.00179, 0.00945,-0.00013,-0.03073, 0.04083,-0.01208, 0.99913, 0.44776,297.15928,2115.76649,2316.73208,-1.71897,-0.08182, 0.02599,
17.80000,8899.97097,-52.40454,-0.45451, 0.21066, 2.33626,-0.63251,500.02577, 2.34081,-0.00179, 0.00943,-0.00013,-0.03069, 0.04083,-0.01208, 0.99913, 0.44776,297.15956,2115.76679,2316.73208,-1.71897,-0.08182, 0.02599,
17.90000,8949.97039,-52.96694,-0.45846, 0.21147, 2.33626,-0.63557,500.02598, 2.34081,-0.00178, 0.00941,-0.00012,-0.03064, 0.04083,-0.01208, 0.99913, 0.44776,297.15985,2115.76709,2316.73208,-1.71897,-0.08182, 0.02599,
18.00000,8999.96981,-53.53205,-0.46241, 0.21229, 2.33626,-0.63864,500.02619, 2.34081,-0.00178, 0.00939,-0.00012,-0.03059, 0.04083,-0.01208, 0.99913, 0.44776,297.16013,2115.76740,2316.73208,-1.71897,-0.08182, 0.02599,
18.10000,9049.96921,-54.09985,-0.46636, 0.21310, 2.33626,-0.64170,500.02640, 2.34081,-0.00177, 0.00936,-0.00012,-0.03054, 0.04083,-0.01208, 0.99913, 0.44776,297.16041,2115.76770,2316.73208,-1.71897,-0.08182, 0.02599,
18.20000,9099.96861,-54.67034,-0.47031, 0.21391, 2.33626,-0.64475,500.02661, 2.34081,-0.00177, 0.00933,-0.00011,-0.03049, 0.04083,-0.01208, 0.99913, 0.44776,297.16070,2115.76800,2316.73208,-1.71897,-0.08182, 0.02599,
18.30000,9149.96800,-55.24352,-0.47426, 0.21472, 2.33626,-0.64780,500.02682, 2.34081,-0.00176, 0.00930,-0.00011,-0.03043, 0.04083,-0.01208, 0.99913, 0.44776,297.16098,2115.76830,2316.73208,-1.71897,-0.08182, 0.02599,
18.40000,9199.96737,-55.81938,-0.47821, 0.21552, 2.33626,-0.65084,500.02703, 2.34081,-0.00176, 0.00928,-0.00011,-0.03038, 0.04083,-0.01208, 0.99913, 0.44776,297.16126,2115.76860,2316.73208,-1.71897,-0.08182, 0.02599,
18.50000,9249.96674,-56.39793,-0.48216, 0.21633, 2.33626,-0.65388,500.02724, 2.34081,-0.00176, 0.00925,-0.00010,-0.03032, 0.04083,-0.01208, 0.99913, 0.44776,297.16155,2115.76891,2316.73208,-1.71897,-0.08182, 0.02599,
18.60000,9299.96610,-56.97914,-0.48610, 0.21713, 2.33626,-0.65691,500.02745, 2.34081,-0.00175, 0.00922,-0.00010,-0.03027, 0.04083,-0.01208, 0.99913, 0.44776,297.16183,2115.76921,2316.73208,-1.71897,-0.08182, 0.02599,
18.70000,9349.96544,-57.56303,-0.49004, 0.21792, 2.33627,-0.65994,500.02766, 2.34080,-0.00175, 0.00920,-0.00010,-0.03021, 0.04083,-0.01208, 0.99914, 0.44776,297.16211,2115.76951,2316.73208,-1.71897,-0.08182, 0.02599,
18.80000,9399.96478,-58.14958,-0.49398, 0.21872, 2.33627,-0.66296,500.02786, 2.34080,-0.00175, 0.00918,-0.00010,-0.03016, 0.04083,-0.01208, 0.99914, 0.44776,297.16239,2115.76981,2316.73208,-1.71897,-0.08182, 0.02599,
18.90000,9449.96410,-58.73879,-0.49792, 0.21952, 2.33627,-0.66598,500.02807, 2.34080,-0.00175, 0.00917,-0.00009,-0.03011, 0.04083,-0.01208, 0.99914, 0.44776,297.16267,2115.77011,2316.73208,-1.71897,-0.08182, 0.02599,
19.00000,9499.96342,-59.33066,-0.50185, 0.22031, 2.33627,-0.66899,500.02828, 2.34080,-0.00174, 0.00916,-0.00009,-0.03006, 0.04083,-0.01208, 0.99914, 0.44776,297.16295,2115.77041,2316.73208,-1.71897,-0.08182, 0.02599,
19.10000,9549.96272,-59.92518,-0.50578, 0.22110, 2.33628,-0.67199,500.02848, 2.34080,-0.00174, 0.00914,-0.00009,-0.03001, 0.04083,-0.01208, 0.99914, 0.44776,297.16323,2115.77071,2316.73208,-1.71897,-0.08182, 0.02599,
19.20000,9599.96201,-60.52235,-0.50970, 0.22189, 2.33628,-0.67499,500.02869, 2.34080,-0.00174, 0.00913,-0.00008,-0.02996, 0.04083,-0.01208, 0.99914, 0.44776,297.16350,2115.77101,2316.73208,-1.71897,-0.08182, 0.02599,
19.30000,9649.96129,-61.12216,-0.51363, 0.22268, 2.33628,-0.67799,500.02889, 2.34080,-0.00174, 0.00913,-0.00008,-0.02991, 0.04083,-0.01208, 0.99914, 0.44776,297.16378,2115.77131,2316.73208,-1.71897,-0.08182, 0.02599,
19.40000,9699.96056,-61.72461,-0.51754, 0.22347, 2.33629,-0.68098,500.02910, 2.34080,-0.00174, 0.00912,-0.00008,-0.02986, 0.04083,-0.01208, 0.99914, 0.44777,297.16406,2115.77161,2316.73208,-1.71897,-0.08182, 0.02599,
19.50000,9749.95982,-62.32969,-0.52146, 0.22426, 2.33629,-0.68397,500.02930, 2.34080,-0.00173, 0.00911,-0.00008,-0.02981, 0.04083,-0.01208, 0.99914, 0.44777,297.16433,2115.77191,2316.73208,-1.71897,-0.08182, 0.02599,
19.60000,9799.95907,-62.93740,-0.52537, 0.22505, 2.33629,-0.68695,500.02950, 2.34079,-0.00173, 0.00910,-0.00007,-0.02977, 0.04083,-0.01208, 0.99914, 0.44777,297.16461,2115.77221,2316.73208,-1.71897,-0.08182, 0.02599,
19.70000,9849.95830,-63.54774,-0.52927, 0.22584, 2.33630,-0.68992,500.02970, 2.34079,-0.00173, 0.00909,-0.00007,-0.02972, 0.04083,-0.01208, 0.99914, 0.44777,297.16488,2115.77251,2316.73208,-1.71897,-0.08182, 0.02599,
19.80000,9899.95753,-64.16070,-0.53317, 0.22663, 2.33630,-0.69290,500.02991, 2.34079,-0.00172, 0.00907,-0.00007,-0.02967, 0.04083,-0.01209, 0.99914, 0.44777,297.16516,2115.77281,2316.73208,-1.71897,-0.08182, 0.02599,
19.90000,9949.95674,-64.77628,-0.53706, 0.22741, 2.33631,-0.69586,500.03011, 2.34079,-0.00172, 0.00906,-0.00006,-0.02962, 0.04083,-0.01209, 0.99914, 0.44777,297.16543,2115.77310,2316.73208,-1.71897,-0.08182, 0.02599,
20.00000,9999.95594,-65.39447,-0.54095, 0.22820, 2.33631,-0.69883,500.03031, 2.34079,-0.00172, 0.00904,-0.00006,-0.02958, 0.04083,-0.01209, 0.99914, 0.44777,297.16570,2115.77340,2316.73208,-1.71897,-0.08182, 0.02599,
20.10000,10049.95512,-66.01527,-0.54483, 0.22898, 2.33632,-0.70178,500.03051, 2.34079,-0.00171, 0.00902,-0.00006,-0.02953, 0.04083,-0.01209, 0.99915, 0.44777,297.16597,2115.77370,2316.73208,-1.71897,-0.08182, 0.02599,
20.20000,10099.95430,-66.63867,-0.54871, 0.22976, 2.33633,-0.70474,500.03071, 2.34079,-0.00171, 0.00900,-0.00006,-0.02948, 0.04083,-0.01209, 0.99915, 0.44777,297.16624,2115.77399,2316.73208,-1.71897,-0.08182, 0.02599,
20.30000,10149.95346,-67.26467,-0.55258, 0.23054, 2.33633,-0.70768,500.03090, 2.34079,-0.00171, 0.00898,-0.00005,-0.02943, 0.04083,-0.01209, 0.99915, 0.44777,297.16651,2115.77429,2316.73208,-1.71897,-0.08182, 0.02599,
20.40000,10199.95261,-67.89326,-0.55644, 0.23132, 2.33634,-0.71063,500.03110, 2.34079,-0.00170, 0.00896,-0.00005,-0.02938, 0.04083,-0.01209, 0.99915, 0.44777,297.16678,2115.77459,2316.73208,-1.71897,-0.08182, 0.02599,
20.50000,10249.95174,-68.52445,-0.56029, 0.23209, 2.33635,-0.71356,500.03130, 2.34079,-0.00170, 0.00894,-0.00005,-0.02933, 0.04083,-0.01209, 0.99915, 0.44777,297.16705,2115.77488,2316.73208,-1.71897,-0.08182, 0.02599,
20.60000,10299.95087,-69.15822,-0.56414, 0.23287, 2.33635,-0.71650,500.03150, 2.34078,-0.00170, 0.00892,-0.00004,-0.02928, 0.04083,-0.01209, 0.99915, 0.44777,297.16731,2115.77517,2316.73208,-1.71897,-0.08182, 0.02599,
20.70000,10349.94998,-69.79458,-0.56798, 0.23364, 2.33636,-0.71943,500.03169, 2.34078,-0.00169, 0.00890,-0.00004,-0.02923, 0.04083,-0.01209, 0.99915, 0.44777,297.16758,2115.77547,2316.73208,-1.71897,-0.08182, 0.02599,
20.80000,10399.94907,-70.43351,-0.57181, 0.23441, 2.33637,-0.72235,500.03189, 2.34078,-0.00169, 0.00888,-0.00004,-0.02918, 0.04083,-0.01209, 0.99915, 0.44777,297.16784,2115.77576,2316.73208,-1.71897,-0.08182, 0.02599,
20.90000,10449.94816,-71.07502,-0.57564, 0.23518, 2.33638,-0.72527,500.03208, 2.34078,-0.00169, 0.00887,-0.00004,-0.02913, 0.04083,-0.01209, 0.99915, 0.44777,297.16811,2115.77605,2316.73208,-1.71897,-0.08182, 0.02599,
21.00000,10499.94723,-71.71909,-0.57945, 0.23594, 2.33639,-0.72818,500.03227, 2.34078,-0.00168, 0.00885,-0.00003,-0.02908, 0.04083,-0.01209, 0.99915, 0.44777,297.16837,2115.77634,2316.73208,-1.71897,-0.08182, 0.02599,
21.10000,10549.94628,-72.36573,-0.58326, 0.23671, 2.33639,-0.73109,500.03246, 2.34078,-0.00168, 0.00883,-0.00003,-0.02903, 0.04083,-0.01209, 0.99915, 0.44777,297.16863,2115.77664,2316.73208,-1.71897,-0.08182, 0.02599,
21.20000,10599.94532,-73.01494,-0.58706, 0.23747, 2.33640,-0.73399,500.03266, 2.34078,-0.00168, 0.00882,-0.00003,-0.02898, 0.04083,-0.01209, 0.99915, 0.44777,297.16889,2115.77693,2316.73208,-1.71897,-0.08182, 0.02599,
21.30000,10649.94435,-73.66669,-0.59085, 0.23824, 2.33641,-0.73689,500.03285, 2.34078,-0.00168, 0.00881,-0.00002,-0.02893, 0.04083,-0.01209, 0.99915, 0.44777,297.16915,2115.77722,2316.73208,-1.71897,-0.08182, 0.02599,
21.40000,10699.94336,-74.32101,-0.59463, 0.23900, 2.33642,-0.73978,500.03304, 2.34078,-0.00167, 0.00880,-0.00002,-0.02889, 0.04083,-0.01209, 0.99915, 0.44777,297.16941,2115.77750,2316.73208,-1.71897,-0.08182, 0.02599,
21.50000,10749.94236,-74.97787,-0.59840, 0.23976, 2.33643,-0.74267,500.03322, 2.34077,-0.00167, 0.00878,-0.00002,-0.02884, 0.04083,-0.01209, 0.99916, 0.44777,297.16966,2115.77779,2316.73208,-1.71897,-0.08182, 0.02599,
21.60000,10799.94134,-75.63727,-0.60216, 0.24052, 2.33644,-0.74555,500.03341, 2.34077,-0.00167, 0.00877,-0.00002,-0.02879, 0.04083,-0.01209, 0.99916, 0.44777,297.16992,2115.77808,2316.73208,-1.71897,-0.08182, 0.02599,
21.70000,10849.94031,-76.29921,-0.60591, 0.24128, 2.33645,-0.74843,500.03360, 2.34077,-0.00167, 0.00876,-0.00001,-0.02875, 0.04083,-0.01209, 0.99916, 0.44777,297.17017,2115.77837,2316.73208,-1.71897,-0.08182, 0.02599,
21.80000,10899.93927,-76.96369,-0.60965, 0.24204, 2.33646,-0.75131,500.03378, 2.34077,-0.00166, 0.00874,-0.00001,-0.02870, 0.04083,-0.01209, 0.99916, 0.44777,297.17043,2115.77865,2316.73208,-1.71897,-0.08182, 0.02599,
21.90000,10949.93821,-77.63070,-0.61337, 0.24279, 2.33648,-0.75418,500.03397, 2.34077,-0.00166, 0.00873,-0.00001,-0.02865, 0.04082,-0.01209, 0.99916, 0.44777,297.17068,2115.77894,2316.73208,-1.71897,-0.08182, 0.02599,
22.00000,10999.93713,-78.30023,-0.61709, 0.24355, 2.33649,-0.75704,500.03415, 2.34077,-0.00166, 0.00871,-0.00001,-0.02861, 0.04082,-0.01209, 0.99916, 0.44777,297.17093,2115.77922,2316.73208,-1.71897,-0.08182, 0.02599,
22.10000,11049.93604,-78.97229,-0.62080, 0.24430, 2.33650,-0.75990,500.03434, 2.34077,-0.00165, 0.00870,-0.00000,-0.02856, 0.04082,-0.01209, 0.99916, 0.44777,297.17118,2115.77951,2316.73208,-1.71897,-0.08182, 0.02599,
22.20000,11099.93493,-79.64687,-0.62449, 0.24505, 2.33651,-0.76276,500.03452, 2.34077,-0.00165, 0.00868, 0.00000,-0.02851, 0.04082,-0.01209, 0.99916, 0.44777,297.17143,2115.77979,2316.73208,-1.71897,-0.08182, 0.02599,
22.30000,11149.93381,-80.32396,-0.62818, 0.24581, 2.33652,-0.76561,500.03470, 2.34077,-0.00165, 0.00867, 0.00000,-0.02847, 0.04082,-0.01209, 0.99916, 0.44777,297.17168,2115.78007,2316.73208,-1.71897,-0.08182, 0.02599,
22.40000,11199.93267,-81.00357,-0.63185, 0.24656, 2.33654,-0.76846,500.03488, 2.34077,-0.00165, 0.00865, 0.00001,-0.02842, 0.04082,-0.01209, 0.99916, 0.44777,297.17192,2115.78035,2316.73208,-1.71897,-0.08182, 0.02599,
22.50000,11249.93151,-81.68568,-0.63551, 0.24730, 2.33655,-0.77130,500.03506, 2.34076,-0.00164, 0.00863, 0.00001,-0.02837, 0.04082,-0.01209, 0.99916, 0.44777,297.17217,2115.78063,2316.73208,-1.71897,-0.08182, 0.02599,
22.60000,11299.93034,-82.37029,-0.63916, 0.24805, 2.33656,-0.77414,500.03524, 2.34076,-0.00164, 0.00861, 0.00001,-0.02832, 0.04082,-0.01209, 0.99916, 0.44777,297.17241,2115.78091,2316.73208,-1.71897,-0.08182, 0.02599,
22.70000,11349.92915,-83.05740,-0.64279, 0.24880, 2.33658,-0.77697,500.03541, 2.34076,-0.00164, 0.00860, 0.00001,-0.02828, 0.04082,-0.01209, 0.99916, 0.44777,297.17265,2115.78119,2316.73208,-1.71897,-0.08182, 0.02599,
22.80000,11399.92794,-83.74700,-0.64641, 0.24954, 2.33659,-0.77980,500.03559, 2.34076,-0.00163, 0.00858, 0.00002,-0.02823, 0.04082,-0.01209, 0.99916, 0.44777,297.17289,2115.78146,2316.73208,-1.71897,-0.08182, 0.02599,
22.90000,11449.92672,-84.43909,-0.65002, 0.25028, 2.33660,-0.78262,500.03576, 2.34076,-0.00163, 0.00856, 0.00002,-0.02818, 0.04082,-0.01209, 0.99916, 0.44777,297.17313,2115.78174,2316.73208,-1.71897,-0.08182, 0.02599,
23.00000,11499.92548,-85.13367,-0.65362, 0.25102, 2.33662,-0.78544,500.03594, 2.34076,-0.00163, 0.00855, 0.00002,-0.02813, 0.04082,-0.01209, 0.99917, 0.44777,297.17337,2115.78201,2316.73208,-1.71897,-0.08182, 0.02599,
23.10000,11549.92423,-85.83073,-0.65720, 0.25176, 2.33663,-0.78825,500.03611, 2.34076,-0.00162, 0.00853, 0.00002,-0.02809, 0.04082,-0.01209, 0.99917, 0.44777,297.17360,2115.78229,2316.73208,-1.71897,-0.08182, 0.02599,
23.20000,11599.92295,-86.53026,-0.66077, 0.25250, 2.33665,-0.79106,500.03628, 2.34076,-0.00162, 0.00852, 0.00003,-0.02804, 0.04082,-0.01209, 0.99917, 0.44777,297.17384,2115.78256,2316.73208,-1.71897,-0.08182, 0.02599,
23.30000,11649.92166,-87.23227,-0.66432, 0.25324, 2.33666,-0.79386,500.03645, 2.34076,-0.00162, 0.00850, 0.00003,-0.02799, 0.04082,-0.01209, 0.99917, 0.44777,297.17407,2115.78283,2316.73208,-1.71897,-0.08182, 0.02599,
23.40000,11699.92035,-87.93675,-0.66786, 0.25397, 2.33668,-0.79666,500.03662, 2.34076,-0.00162, 0.00849, 0.00003,-0.02795, 0.04082,-0.01209, 0.99917, 0.44777,297.17430,2115.78310,2316.73208,-1.71897,-0.08182, 0.02599,
23.50000,11749.91902,-88.64369,-0.67139, 0.25470, 2.33669,-0.79946,500.03679, 2.34076,-0.00161, 0.00848, 0.00003,-0.02790, 0.04082,-0.01209, 0.99917, 0.44777,297.17453,2115.78337,2316.73208,-1.71897,-0.08182, 0.02599,
23.60000,11799.91768,-89.35310,-0.67490, 0.25544, 2.33671,-0.80225,500.03695, 2.34075,-0.00161, 0.00846, 0.00004,-0.02786, 0.04082,-0.01209, 0.99917, 0.44777,297.17476,2115.78364,2316.73208,-1.71897,-0.08182, 0.02599,
23.70000,11849.91631,-90.06496,-0.67840, 0.25617, 2.33673,-0.80503,500.03712, 2.34075,-0.00161, 0.00845, 0.00004,-0.02781, 0.04082,-0.01209, 0.99917, 0.44777,297.17499,2115.78391,2316.73208,-1.71897,-0.08182, 0.02599,
23.80000,11899.91493,-90.77927,-0.68188, 0.25690, 2.33674,-0.80782,500.03728, 2.34075,-0.00161, 0.00843, 0.00004,-0.02776, 0.04082,-0.01209, 0.99917, 0.44777,297.17521,2115.78418,2316.73208,-1.71897,-0.08182, 0.02599,
23.90000,11949.91353,-91.49604,-0.68534, 0.25763, 2.33676,-0.81059,500.03745, 2.34075,-0.00160, 0.00842, 0.00004,-0.02772, 0.04082,-0.01209, 0.99917, 0.44777,297.17544,2115.78444,2316.73208,-1.71897,-0.08182, 0.02599,
24.00000,11999.91211,-92.21524,-0.68879, 0.25836, 2.33678,-0.81336,500.03761, 2.34075,-0.00160, 0.00841, 0.00005,-0.02767, 0.04082,-0.01209, 0.99917, 0.44777,297.17566,2115.78470,2316.73208,-1.71897,-0.08182, 0.02599,
24.10000,12049.91067,-92.93689,-0.69223, 0.25909, 2.33679,-0.81613,500.03777, 2.34075,-0.00160, 0.00839, 0.00005,-0.02763, 0.04082,-0.01209, 0.99917, 0.44777,297.17588,2115.78497,2316.73208,-1.71897,-0.08182, 0.02599,
24.20000,12099.90921,-93.66098,-0.69565, 0.25981, 2.33681,-0.81889,500.03793, 2.34075,-0.00160, 0.00838, 0.00005,-0.02758, 0.04082,-0.01209, 0.99917, 0.44777,297.17610,2115.78523,2316.73208,-1.71897,-0.08182, 0.02599,
24.30000,12149.90774,-94.38749,-0.69905, 0.26054, 2.33683,-0.82165,500.03809, 2.34075,-0.00159, 0.00836, 0.00005,-0.02754, 0.04082,-0.01209, 0.99917, 0.44777,297.17631,2115.78549,2316.73208,-1.71897,-0.08182, 0.02599,
24.40000,12199.90624,-95.11644,-0.70243, 0.26126, 2.33685,-0.82441,500.03824, 2.34075,-0.00159, 0.00834, 0.00006,-0.02749, 0.04082,-0.01209, 0.99917, 0.44777,297.17653,2115.78575,2316.73208,-1.71897,-0.08182, 0.02599,
24.50000,12249.90472,-95.84781,-0.70580, 0.26198, 2.33686,-0.82716,500.03840, 2.34075,-0.00159, 0.00833, 0.00006,-0.02745, 0.04082,-0.01209, 0.99917, 0.44777,297.17674,2115.78600,2316.73208,-1.71897,-0.08182, 0.02599,
24.60000,12299.90319,-96.58160,-0.70916, 0.26270, 2.33688,-0.82990,500.03855, 2.34075,-0.00158, 0.00831, 0.00006,-0.02740, 0.04082,-0.01209, 0.99917, 0.44777,297.17696,2115.78626,2316.73208,-1.71897,-0.08182, 0.02599,
24.70000,12349.90163,-97.31781,-0.71249, 0.26342, 2.33690,-0.83264,500.03871, 2.34074,-0.00158, 0.00830, 0.00006,-0.02736, 0.04082,-0.01209, 0.99918, 0.44777,297.17717,2115.78652,2316.73208,-1.71897,-0.08182, 0.02599,
24.80000,12399.90005,-98.05643,-0.71581, 0.26414, 2.33692,-0.83538,500.03886, 2.34074,-0.00158, 0.00828, 0.00006,-0.02731, 0.04082,-0.01209, 0.99918, 0.44777,297.17737,2115.78677,2316.73208,-1.71897,-0.08182, 0.02599,
24.90000,12449.89845,-98.79745,-0.71911, 0.26485, 2.33694,-0.83811,500.03901, 2.34074,-0.00158, 0.00827, 0.00007,-0.02727, 0.04082,-0.01209, 0.99918, 0.44777,297.17758,2115.78702,2316.73208,-1.71897,-0.08182, 0.02599,
25.00000,12499.89683,-99.54089,-0.72239, 0.26557, 2.33696,-0.84083,500.03916, 2.34074,-0.00157, 0.00825, 0.00007,-0.02722, 0.04082,-0.01209, 0.99918, 0.44777,297.17779,2115.78727,2316.73208,-1.71897,-0.08182, 0.02599,
25.10000,12549.89520,-100.28672,-0.72566, 0.26628, 2.33698,-0.84356,500.03930, 2.34074,-0.00157, 0.00824, 0.00007,-0.02718, 0.04082,-0.01209, 0.99918, 0.44777,297.17799,2115.78752,2316.73208,-1.71897,-0.08182, 0.02599,
25.20000,12599.89353,-101.03495,-0.72890, 0.26699, 2.33700,-0.84627,500.03945, 2.34074,-0.00157, 0.00822, 0.00007,-0.02713, 0.04082,-0.01209, 0.99918, 0.44777,297.17819,2115.78777,2316.73208,-1.71897,-0.08182, 0.02599,
25.30000,12649.89185,-101.78557,-0.73213, 0.26770, 2.33702,-0.84899,500.03959, 2.34074,-0.00156, 0.00821, 0.00008,-0.02709, 0.04082,-0.01209, 0.99918, 0.44777,297.17839,2115.78802,2316.73208,-1.71897,-0.08182, 0.02599,
25.40000,12699.89015,-102.53858,-0.73534, 0.26841, 2.33704,-0.85169,500.03974, 2.34074,-0.00156, 0.00819, 0.00008,-0.02704, 0.04082,-0.01209, 0.99918, 0.44777,297.17859,2115.78826,2316.73208,-1.71897,-0.08182, 0.02599,
25.50000,12749.88842,-103.29398,-0.73853, 0.26912, 2.33706,-0.85440,500.03988, 2.34074,-0.00156, 0.00818, 0.00008,-0.02700, 0.04082,-0.01209, 0.99918, 0.44777,297.17879,2115.78851,2316.73208,-1.71897,-0.08182, 0.02599,
25.60000,12799.88668,-104.05176,-0.74171, 0.26983, 2.33708,-0.85710,500.04002, 2.34074,-0.00156, 0.00817, 0.00008,-0.02695, 0.04082,-0.01209, 0.99918, 0.44777,297.17898,2115.78875,2316.73208,-1.71897,-0.08182, 0.02599,
25.70000,12849.88491,-104.81191,-0.74486, 0.27054, 2.33710,-0.85979,500.04016, 2.34074,-0.00155, 0.00815, 0.00008,-0.02691, 0.04082,-0.01209, 0.99918, 0.44777,297.17917,2115.78899,2316.73208,-1.71897,-0.08182, 0.02599,
25.80000,12899.88311,-105.57444,-0.74799, 0.27124, 2.33712,-0.86248,500.04030, 2.34074,-0.00155, 0.00814, 0.00009,-0.02686, 0.04082,-0.01209, 0.99918, 0.44777,297.17936,2115.78923,2316.73208,-1.71897,-0.08182, 0.02599,
25.90000,12949.88130,-106.33933,-0.75111, 0.27194, 2.33714,-0.86517,500.04043, 2.34073,-0.00155, 0.00812, 0.00009,-0.02682, 0.04082,-0.01209, 0.99918, 0.44777,297.17955,2115.78947,2316.73208,-1.71897,-0.08182, 0.02599,
26.00000,12999.87946,-107.10659,-0.75420, 0.27265, 2.33717,-0.86785,500.04057, 2.34073,-0.00155, 0.00811, 0.00009,-0.02678, 0.04082,-0.01209, 0.99918, 0.44777,297.17974,2115.78970,2316.73208,-1.71897,-0.08182, 0.02599,
26.10000,13049.87760,-107.87622,-0.75728, 0.27335, 2.33719,-0.87053,500.04070, 2.34073,-0.00154, 0.00810, 0.00009,-0.02673, 0.04082,-0.01209, 0.99918, 0.44778,297.17992,2115.78994,2316.73208,-1.71897,-0.08182, 0.02599,
26.20000,13099.87572,-108.64819,-0.76033, 0.27405, 2.33721,-0.87320,500.04083, 2.34073,-0.00154, 0.00808, 0.00009,-0.02669, 0.04082,-0.01209, 0.99918, 0.44778,297.18011,2115.79017,2316.73208,-1.71897,-0.08182, 0.02599,
26.30000,13149.87381,-109.42253,-0.76337, 0.27475, 2.33723,-0.87587,500.04096, 2.34073,-0.00154, 0.00807, 0.00010,-0.02664, 0.04082,-0.01209, 0.99918, 0.44778,297.18029,2115.79041,2316.73208,-1.71897,-0.08182, 0.02599,
26.40000,13199.87188,-110.19921,-0.76638, 0.27544, 2.33725,-0.87854,500.04109, 2.34073,-0.00154, 0.00805, 0.00010,-0.02660, 0.04082,-0.01209, 0.99918, 0.44778,297.18047,2115.79064,2316.73208,-1.71897,-0.08182, 0.02599,
26.50000,13249.86993,-110.97824,-0.76938, 0.27614, 2.33728,-0.88120,500.04122, 2.34073,-0.00153, 0.00804, 0.00010,-0.02656, 0.04082,-0.01209, 0.99918, 0.44778,297.18064,2115.79086,2316.73208,-1.71897,-0.08182, 0.02599,
26.60000,13299.86795,-111.75961,-0.77235, 0.27683, 2.33730,-0.88385,500.04134, 2.34073,-0.00153, 0.00802, 0.00010,-0.02651, 0.04082,-0.01209, 0.99918, 0.44778,297.18082,2115.79109,2316.73208,-1.71897,-0.08182, 0.02599,
26.70000,13349.86595,-112.54332,-0.77530, 0.27753, 2.33732,-0.88650,500.04147, 2.34073,-0.00153, 0.00801, 0.00010,-0.02647, 0.04082,-0.01209, 0.99919, 0.44778,297.18099,2115.79132,2316.73208,-1.71897,-0.08182, 0.02599,
26.80000,13399.86393,-113.32936,-0.77823, 0.27822, 2.33735,-0.88915,500.04159, 2.34073,-0.00152, 0.00799, 0.00011,-0.02643, 0.04082,-0.01210, 0.99919, 0.44778,297.18116,2115.79154,2316.73208,-1.71897,-0.08182, 0.02599,
26.90000,13449.86188,-114.11773,-0.78114, 0.27891, 2.33737,-0.89179,500.04171, 2.34073,-0.00152, 0.00798, 0.00011,-0.02638, 0.04082,-0.01210, 0.99919, 0.44778,297.18133,2115.79176,2316.73208,-1.71897,-0.08182, 0.02599,
27.00000,13499.85980,-114.90843,-0.78403, 0.27960, 2.33739,-0.89443,500.04183, 2.34073,-0.00152, 0.00797, 0.00011,-0.02634, 0.04082,-0.01210, 0.99919, 0.44778,297.18150,2115.79199,2316.73208,-1.71897,-0.08182, 0.02599,
27.10000,13549.85770,-115.70145,-0.78690, 0.28029, 2.33742,-0.89706,500.04195, 2.34073,-0.00152, 0.00795, 0.00011,-0.02629, 0.04082,-0.01210, 0.99919, 0.44778,297.18166,2115.79220,2316.73208,-1.71897,-0.08182, 0.02599,
27.20000,13599.85558,-116.49679,-0.78975, 0.28098, 2.33744,-0.89969,500.04206, 2.34073,-0.00151, 0.00794, 0.00011,-0.02625, 0.04082,-0.01210, 0.99919, 0.44778,297.18183,2115.79242,2316.73208,-1.71897,-0.08182, 0.02599,
27.30000,13649.85343,-117.29445,-0.79257, 0.28166, 2.33747,-0.90232,500.04218, 2.34072,-0.00151, 0.00792, 0.00012,-0.02621, 0.04082,-0.01210, 0.99919, 0.44778,297.18199,2115.79264,2316.73208,-1.71897,-0.08182, 0.02599,
27.40000,13699.85125,-118.09441,-0.79537, 0.28235, 2.33749,-0.90494,500.04229, 2.34072,-0.00151, 0.00791, 0.00012,-0.02616, 0.04082,-0.01210, 0.99919, 0.44778,297.18214,2115.79285,2316.73208,-1.71897,-0.08182, 0.02599,
27.50000,13749.84905,-118.89669,-0.79815, 0.28303, 2.33752,-0.90755,500.04240, 2.34072,-0.00151, 0.00790, 0.00012,-0.02612, 0.04082,-0.01210, 0.99919, 0.44778,297.18230,2115.79306,2316.73208,-1.71897,-0.08182, 0.02599,
27.60000,13799.84682,-119.70126,-0.80091, 0.28371, 2.33754,-0.91017,500.04251, 2.34072,-0.00150, 0.00788, 0.00012,-0.02608, 0.04082,-0.01210, 0.99919, 0.44778,297.18246,2115.79328,2316.73208,-1.71897,-0.08182, 0.02599,
27.70000,13849.84457,-120.50814,-0.80364, 0.28439, 2.33757,-0.91277,500.04262, 2.34072,-0.00150, 0.00787, 0.00012,-0.02604, 0.04082,-0.01210, 0.99919, 0.44778,297.18261,2115.79348,2316.73208,-1.71897,-0.08182, 0.02599,
27.80000,13899.84229,-121.31731,-0.80635, 0.28507, 2.33759,-0.91538,500.04273, 2.34072,-0.00150, 0.00785, 0.00012,-0.02599, 0.04082,-0.01210, 0.99919, 0.44778,297.18276,2115.79369,2316.73208,-1.71897,-0.08182, 0.02599,
27.90000,13949.83998,-122.12878,-0.80904, 0.28575, 2.33762,-0.91798,500.04283, 2.34072,-0.00150, 0.00784, 0.00013,-0.02595, 0.04082,-0.01210, 0.99919, 0.44778,297.18291,2115.79390,2316.73208,-1.71897,-0.08182, 0.02599,
28.00000,13999.83765,-122.94253,-0.81171, 0.28643, 2.33764,-0.92057,500.04294, 2.34072,-0.00149, 0.00783, 0.00013,-0.02591, 0.04082,-0.01210, 0.99919, 0.44778,297.18305,2115.79410,2316.73208,-1.71897,-0.08182, 0.02599,
28.10000,14049.83529,-123.75857,-0.81435, 0.28711, 2.33767,-0.92316,500.04304, 2.34072,-0.00149, 0.00781, 0.00013,-0.02587, 0.04082,-0.01210, 0.99919, 0.44778,297.18320,2115.79430,2316.73208,-1.71897,-0.08182, 0.02599,
28.20000,14099.83290,-124.57689,-0.81697, 0.28778, 2.33769,-0.92575,500.04314, 2.34072,-0.00149, 0.00780, 0.00013,-0.02582, 0.04082,-0.01210, 0.99919, 0.44778,297.18334,2115.79450,2316.73208,-1.71897,-0.08182, 0.02599,
28.30000,14149.83048,-125.39749,-0.81956, 0.28846, 2.33772,-0.92833,500.04324, 2.34072,-0.00149, 0.00779, 0.00013,-0.02578, 0.04082,-0.01210, 0.99919, 0.44778,297.18348,2115.79470,2316.73208,-1.71897,-0.08182, 0.02599,
28.40000,14199.82804,-126.22036,-0.82213, 0.28913, 2.33775,-0.93091,500.04333, 2.34072,-0.00148, 0.00777, 0.00013,-0.02574, 0.04082,-0.01210, 0.99919, 0.44778,297.18361,2115.79490,2316.73208,-1.71897,-0.08182, 0.02599,
28.50000,14249.82557,-127.04550,-0.82468, 0.28980, 2.33777,-0.93348,500.04343, 2.34072,-0.00148, 0.00776, 0.00014,-0.02570, 0.04082,-0.01210, 0.99919, 0.44778,297.18375,2115.79509,2316.73208,-1.71897,-0.08182, 0.02599,
28.60000,14299.82307,-127.87290,-0.82721, 0.29047, 2.33780,-0.93605,500.04352, 2.34072,-0.00148, 0.00774, 0.00014,-0.02565, 0.04082,-0.01210, 0.99919, 0.44778,297.18388,2115.79529,2316.73208,-1.71897,-0.08182, 0.02599,
28.70000,14349.82055,-128.70257,-0.82971, 0.29114, 2.33783,-0.93862,500.04361, 2.34072,-0.00148, 0.00773, 0.00014,-0.02561, 0.04082,-0.01210, 0.99919, 0.44778,297.18401,2115.79548,2316.73208,-1.71897,-0.08182, 0.02599,
28.80000,14399.81799,-129.53449,-0.83218, 0.29181, 2.33785,-0.94118,500.04370, 2.34072,-0.00147, 0.00772, 0.00014,-0.02557, 0.04082,-0.01210, 0.99919, 0.44778,297.18414,2115.79567,2316.73208,-1.71897,-0.08182, 0.02599,
28.90000,14449.81541,-130.36868,-0.83464, 0.29247, 2.33788,-0.94374,500.04379, 2.34071,-0.00147, 0.00770, 0.00014,-0.02553, 0.04082,-0.01210, 0.99919, 0.44778,297.18427,2115.79585,2316.73208,-1.71897,-0.08182, 0.02599,
29.00000,14499.81279,-131.20511,-0.83706, 0.29314, 2.33791,-0.94629,500.04388, 2.34071,-0.00147, 0.00769, 0.00014,-0.02549, 0.04082,-0.01210, 0.99919, 0.44778,297.18439,2115.79604,2316.73208,-1.71897,-0.08182, 0.02599,
29.10000,14549.81015,-132.04379,-0.83947, 0.29380, 2.33794,-0.94884,500.04396, 2.34071,-0.00147, 0.00768, 0.00015,-0.02544, 0.04082,-0.01210, 0.99919, 0.44778,297.18451,2115.79622,2316.73208,-1.71897,-0.08182, 0.02599,
29.20000,14599.80748,-132.88471,-0.84184, 0.29447, 2.33796,-0.95138,500.04405, 2.34071,-0.00146, 0.00766, 0.00015,-0.02540, 0.04082,-0.01210, 0.99919, 0.44778,297.18463,2115.79641,2316.73208,-1.71897,-0.08182, 0.02599,
29.30000,14649.80478,-133.72787,-0.84420, 0.29513, 2.33799,-0.95392,500.04413, 2.34071,-0.00146, 0.00765, 0.00015,-0.02536, 0.04082,-0.01210, 0.99919, 0.44778,297.18475,2115.79658,2316.73208,-1.71897,-0.08182, 0.02599,
29.40000,14699.80205,-134.57327,-0.84653, 0.29579, 2.33802,-0.95646,500.04421, 2.34071,-0.00146, 0.00763, 0.00015,-0.02532, 0.04082,-0.01210, 0.99920, 0.44778,297.18487,2115.79676,2316.73208,-1.71897,-0.08182, 0.02599,
29.50000,14749.79929,-135.42090,-0.84883, 0.29645, 2.33805,-0.95899,500.04429, 2.34071,-0.00146, 0.00762, 0.00015,-0.02528, 0.04082,-0.01210, 0.99920, 0.44778,297.18498,2115.79694,2316.73208,-1.71897,-0.08182, 0.02599,
29.60000,14799.79650,-136.27076,-0.85111, 0.29711, 2.33808,-0.96152,500.04436, 2.34071,-0.00145, 0.00761, 0.00015,-0.02524, 0.04082,-0.01210, 0.99920, 0.44778,297.18509,2115.79711,2316.73208,-1.71897,-0.08182, 0.02599,
29.70000,14849.79368,-137.12285,-0.85336, 0.29776, 2.33810,-0.96404,500.04444, 2.34071,-0.00145, 0.00759, 0.00015,-0.02520, 0.04082,-0.01210, 0.99920, 0.44778,297.18520,2115.79729,2316.73208,-1.71897,-0.08182, 0.02599,
29.80000,14899.79083,-137.97716,-0.85559, 0.29842, 2.33813,-0.96656,500.04451, 2.34071,-0.00145, 0.00758, 0.00016,-0.02515, 0.04082,-0.01210, 0.99920, 0.44778,297.18530,2115.79746,2316.73208,-1.71897,-0.08182, 0.02599,
29.90000,14949.78795,-138.83368,-0.85779, 0.29907, 2.33816,-0.96908,500.04458, 2.34071,-0.00145, 0.00757, 0.00016,-0.02511, 0.04082,-0.01210, 0.99920, 0.44778,297.18541,2115.79762,2316.73208,-1.71897,-0.08182, 0.02599,
30.00000,14999.78504,-139.69242,-0.85997, 0.29973, 2.33819,-0.97159,500.04465, 2.34071,-0.00144, 0.00755, 0.00016,-0.02507, 0.04082,-0.01210, 0.99920, 0.44778,297.18551,2115.79779,2316.73208,-1.71897,-0.08182, 0.02599,
