
time,npos,epos,alt,phi,theta,psi,vel,alpha,beta,p,q,r,nx,ny,nz,mach,qbar,ps,

 0.00000, 0.00000, 0.00000, 0.00000, 0.00000, 6.95287, 0.00000,333.00000, 6.95287, 0.00000, 0.00000, 0.00000, 0.00000, 0.12105, 0.00000, 0.99265, 0.29819,131.79158,2115.73204,2259.70683,-3.23554, 0.00000, 0.00000,
 0.10000,33.30000, 0.00000, 0.00000,-0.00000, 6.95287,-0.00000,333.00000, 6.95287,-0.00000,-0.00000,-0.00000,-0.00000, 0.12105, 0.00000, 0.99265, 0.29819,131.79158,2115.73204,2259.70683,-3.23554, 0.00000, 0.00000,
 0.20000,66.60000, 0.00000, 0.00000,-0.00000, 6.95287,-0.00000,333.00000, 6.95287,-0.00000,-0.00000,-0.00000,-0.00000, 0.12105, 0.00000, 0.99265, 0.29819,131.79158,2115.73204,2259.70683,-3.23554, 0.00000, 0.00000,
 0.30000,99.90000, 0.00000, 0.00000,-0.00000, 6.95287,-0.00000,333.00000, 6.95287,-0.00000,-0.00000,-0.00000,-0.00000, 0.12105, 0.00000, 0.99265, 0.29819,131.79158,2115.73204,2259.70683,-3.23554, 0.00000, 0.00000,
 0.40000,133.20000,-0.00000, 0.00000,-0.00000, 6.95287,-0.00000,333.00000, 6.95287,-0.00000,-0.00000,-0.00000,-0.00000, 0.12105, 0.00000, 0.99265, 0.29819,131.79158,2115.73204,2259.70683,-3.23554, 0.00000, 0.00000,
 0.50000,166.50000,-0.00000, 0.00000,-0.00000, 6.95287,-0.00000,333.00000, 6.95287,-0.00000,-0.00000,-0.00000,-0.00000, 0.12105, 0.00000, 0.99265, 0.29819,131.79158,2115.73204,2259.70683,-3.23554, 0.00000, 0.00000,
 0.60000,199.80000,-0.00000, 0.00000,-0.00000, 6.95287,-0.00000,333.00000, 6.95287,-0.00000,-0.00000,-0.00000,-0.00000, 0.12105, 0.00000, 0.99265, 0.29819,131.79158,2115.73204,2259.70683,-3.23554, 0.00000, 0.00000,
 0.70000,233.10000,-0.00000, 0.00000,-0.00000, 6.95287,-0.00000,333.00000, 6.95287,-0.00000,-0.00000,-0.00000,-0.00000, 0.12105, 0.00000, 0.99265, 0.29819,131.79158,2115.73204,2259.70683,-3.23554, 0.00000, 0.00000,
 0.80000,266.40000,-0.00000, 0.00000,-0.00000, 6.95287,-0.00000,333.00000, 6.95287,-0.00000,-0.00000,-0.00000,-0.00000, 0.12105, 0.00000, 0.99265, 0.29819,131.79158,2115.73204,2259.70683,-3.23554, 0.00000, 0.00000,
 0.90000,299.70000,-0.00000, 0.00000,-0.00000, 6.95287,-0.00000,333.00000, 6.95287,-0.00000,-0.00000,-0.00000,-0.00000, 0.12105, 0.00000, 0.99265, 0.29819,131.79158,2115.73204,2259.70683,-3.23554, 0.00000, 0.00000,
 1.00000,333.00000,-0.00000, 0.00000,-0.00000, 6.95287,-0.00000,333.00000, 6.95287,-0.00000,-0.00000,-0.00000,-0.00000, 0.12105, 0.00000, 0.99265, 0.29819,131.79158,2115.73204,2259.70683,-3.23554, 0.00000, 0.00000,
 1.10000,366.30000,-0.00000, 0.00000,-0.00000, 6.95287,-0.00000,333.00000, 6.95287,-0.00000,-0.00000,-0.00000,-0.00000, 0.12105, 0.00000, 0.99265, 0.29819,131.79158,2115.73204,2259.70683,-3.23554, 0.00000, 0.00000,
 1.20000,399.60000,-0.00000, 0.00000,-0.00000, 6.95287,-0.00000,333.00000, 6.95287,-0.00000,-0.00000,-0.00000,-0.00000, 0.12105, 0.00000, 0.99265, 0.29819,131.79158,2115.73204,2259.70683,-3.23554, 0.00000, 0.00000,
 1.30000,432.90000,-0.00000, 0.00000,-0.00000, 6.95287,-0.00000,333.00000, 6.95287,-0.00000,-0.00000,-0.00000,-0.00000, 0.12105, 0.00000, 0.99265, 0.29819,131.79158,2115.73204,2259.70683,-3.23554, 0.00000, 0.00000,
 1.40000,466.20000,-0.00000, 0.00000,-0.00000, 6.95287,-0.00000,333.00000, 6.95287,-0.00000,-0.00000,-0.00000,-0.00000, 0.12105, 0.00000, 0.99265, 0.29819,131.79158,2115.73204,2259.70683,-3.23554, 0.00000, 0.00000,
 1.50000,499.50000,-0.00000, 0.00000,-0.00000, 6.95287,-0.00000,333.00000, 6.95287,-0.00000,-0.00000,-0.00000,-0.00000, 0.12105, 0.00000, 0.99265, 0.29819,131.79158,2115.73204,2259.70683,-3.23554, 0.00000, 0.00000,
 1.60000,532.80000,-0.00000, 0.00000,-0.00000, 6.95287,-0.00000,333.00000, 6.95287,-0.00000,-0.00000,-0.00000,-0.00000, 0.12105, 0.00000, 0.99265, 0.29819,131.79158,2115.73204,2259.70683,-3.23554, 0.00000, 0.00000,
 1.70000,566.10000,-0.00000, 0.00000,-0.00000, 6.95287,-0.00000,333.00000, 6.95287,-0.00000,-0.00000,-0.00000,-0.00000, 0.12105, 0.00000, 0.99265, 0.29819,131.79158,2115.73204,2259.70683,-3.23554, 0.00000, 0.00000,
 1.80000,599.40000,-0.00000, 0.00000,-0.00000, 6.95287,-0.00000,333.00000, 6.95287,-0.00000,-0.00000,-0.00000,-0.00000, 0.12105, 0.00000, 0.99265, 0.29819,131.79158,2115.73204,2259.70683,-3.23554, 0.00000, 0.00000,
 1.90000,632.70000,-0.00000, 0.00000,-0.00000, 6.95287,-0.00000,333.00000, 6.95287,-0.00000,-0.00000,-0.00000,-0.00000, 0.12105, 0.00000, 0.99265, 0.29819,131.79158,2115.73204,2259.70683,-3.23554, 0.00000, 0.00000,
 2.00000,666.00000,-0.00000, 0.00000,-0.00000, 6.95287,-0.00000,333.00000, 6.95287,-0.00000,-0.00000,-0.00000,-0.00000, 0.12105, 0.00000, 0.99265, 0.29819,131.79158,2115.73204,2259.70683,-3.23554, 0.00000, 0.00000,
 2.10000,699.30000,-0.00000, 0.00000,-0.00000, 6.95287,-0.00000,333.00000, 6.95287,-0.00000,-0.00000,-0.00000,-0.00000, 0.12105, 0.00000, 0.99265, 0.29819,131.79158,2115.73204,2259.70683,-3.23554, 0.00000, 0.00000,
 2.20000,732.60000,-0.00000, 0.00000,-0.00000, 6.95287,-0.00000,333.00000, 6.95287,-0.00000,-0.00000,-0.00000,-0.00000, 0.12105, 0.00000, 0.99265, 0.29819,131.79158,2115.73204,2259.70683,-3.23554, 0.00000, 0.00000,
 2.30000,765.90000,-0.00000, 0.00000,-0.00000, 6.95287,-0.00000,333.00000, 6.95287,-0.00000,-0.00000,-0.00000,-0.00000, 0.12105, 0.00000, 0.99265, 0.29819,131.79158,2115.73204,2259.70683,-3.23554, 0.00000, 0.00000,
 2.40000,799.20000,-0.00000, 0.00000,-0.00000, 6.95287,-0.00000,333.00000, 6.95287,-0.00000,-0.00000,-0.00000,-0.00000, 0.12105, 0.00000, 0.99265, 0.29819,131.79158,2115.73204,2259.70683,-3.23554, 0.00000, 0.00000,
 2.50000,832.50000,-0.00000, 0.00000,-0.00000, 6.95287,-0.00000,333.00000, 6.95287,-0.00000,-0.00000,-0.00000,-0.00000, 0.12105, 0.00000, 0.99265, 0.29819,131.79158,2115.73204,2259.70683,-3.23554, 0.00000, 0.00000,
 2.60000,865.80000,-0.00000, 0.00000,-0.00000, 6.95287,-0.00000,333.00000, 6.95287,-0.00000,-0.00000,-0.00000,-0.00000, 0.12105, 0.00000, 0.99265, 0.29819,131.79158,2115.73204,2259.70683,-3.23554, 0.00000, 0.00000,
 2.70000,899.10000,-0.00000, 0.00000,-0.00000, 6.95287,-0.00000,333.00000, 6.95287,-0.00000,-0.00000,-0.00000,-0.00000, 0.12105, 0.00000, 0.99265, 0.29819,131.79158,2115.73204,2259.70683,-3.23554, 0.00000, 0.00000,
 2.80000,932.40000,-0.00000, 0.00000,-0.00000, 6.95287,-0.00000,333.00000, 6.95287,-0.00000,-0.00000,-0.00000,-0.00000, 0.12105, 0.00000, 0.99265, 0.29819,131.79158,2115.73204,2259.70683,-3.23554, 0.00000, 0.00000,
 2.90000,965.70000,-0.00000, 0.00000,-0.00000, 6.95287,-0.00000,333.00000, 6.95287,-0.00000,-0.00000,-0.00000,-0.00000, 0.12105, 0.00000, 0.99265, 0.29819,131.79158,2115.73204,2259.70683,-3.23554, 0.00000, 0.00000,
 3.00000,999.00000,-0.00000, 0.00000,-0.00000, 6.95287,-0.00000,333.00000, 6.95287,-0.00000,-0.00000,-0.00000,-0.00000, 0.12105, 0.00000, 0.99265, 0.29819,131.79158,2115.73204,2259.70683,-3.23554, 0.00000, 0.00000,
 3.10000,1032.30000,-0.00000, 0.00000,-0.00000, 6.95287,-0.00000,333.00000, 6.95287,-0.00000,-0.00000,-0.00000,-0.00000, 0.12105, 0.00000, 0.99265, 0.29819,131.79158,2115.73204,2259.70683,-3.23554, 0.00000, 0.00000,
 3.20000,1065.60000,-0.00000, 0.00000,-0.00000, 6.95287,-0.00000,333.00000, 6.95287,-0.00000,-0.00000,-0.00000,-0.00000, 0.12105, 0.00000, 0.99265, 0.29819,131.79158,2115.73204,2259.70683,-3.23554, 0.00000, 0.00000,
 3.30000,1098.90000,-0.00000, 0.00000,-0.00000, 6.95287,-0.00000,333.00000, 6.95287,-0.00000,-0.00000,-0.00000,-0.00000, 0.12105, 0.00000, 0.99265, 0.29819,131.79158,2115.73204,2259.70683,-3.23554, 0.00000, 0.00000,
 3.40000,1132.20000,-0.00000, 0.00000,-0.00000, 6.95287,-0.00000,333.00000, 6.95287,-0.00000,-0.00000,-0.00000,-0.00000, 0.12105, 0.00000, 0.99265, 0.29819,131.79158,2115.73204,2259.70683,-3.23554, 0.00000, 0.00000,
 3.50000,1165.50000,-0.00000, 0.00000,-0.00000, 6.95287,-0.00000,333.00000, 6.95287,-0.00000,-0.00000,-0.00000,-0.00000, 0.12105, 0.00000, 0.99265, 0.29819,131.79158,2115.73204,2259.70683,-3.23554, 0.00000, 0.00000,
 3.60000,1198.80000,-0.00000, 0.00000,-0.00000, 6.95287,-0.00000,333.00000, 6.95287,-0.00000,-0.00000,-0.00000,-0.00000, 0.12105, 0.00000, 0.99265, 0.29819,131.79158,2115.73204,2259.70683,-3.23554, 0.00000, 0.00000,
 3.70000,1232.10000,-0.00000, 0.00000,-0.00000, 6.95287,-0.00000,333.00000, 6.95287,-0.00000,-0.00000,-0.00000,-0.00000, 0.12105, 0.00000, 0.99265, 0.29819,131.79158,2115.73204,2259.70683,-3.23554, 0.00000, 0.00000,
 3.80000,1265.40000,-0.00000, 0.00000,-0.00000, 6.95287,-0.00000,333.00000, 6.95287,-0.00000,-0.00000,-0.00000,-0.00000, 0.12105, 0.00000, 0.99265, 0.29819,131.79158,2115.73204,2259.70683,-3.23554, 0.00000, 0.00000,
 3.90000,1298.70000,-0.00000, 0.00000,-0.00000, 6.95287,-0.00000,333.00000, 6.95287,-0.00000,-0.00000,-0.00000,-0.00000, 0.12105, 0.00000, 0.99265, 0.29819,131.79158,2115.73204,2259.70683,-3.23554, 0.00000, 0.00000,
 4.00000,1332.00000,-0.00000, 0.00000,-0.00000, 6.95287,-0.00000,333.00000, 6.95287,-0.00000,-0.00000,-0.00000,-0.00000, 0.12105, 0.00000, 0.99265, 0.29819,131.79158,2115.73204,2259.70683,-3.23554, 0.00000, 0.00000,
 4.10000,1365.30000,-0.00000, 0.00000,-0.00000, 6.95287,-0.00000,333.00000, 6.95287,-0.00000,-0.00000,-0.00000,-0.00000, 0.12105, 0.00000, 0.99265, 0.29819,131.79158,2115.73204,2259.70683,-3.23554, 0.00000, 0.00000,
 4.20000,1398.60000,-0.00000, 0.00000,-0.00000, 6.95287,-0.00000,333.00000, 6.95287,-0.00000,-0.00000,-0.00000,-0.00000, 0.12105, 0.00000, 0.99265, 0.29819,131.79158,2115.73204,2259.70683,-3.23554, 0.00000, 0.00000,
 4.30000,1431.90000,-0.00000, 0.00000,-0.00000, 6.95287,-0.00000,333.00000, 6.95287,-0.00000,-0.00000,-0.00000,-0.00000, 0.12105, 0.00000, 0.99265, 0.29819,131.79158,2115.73204,2259.70683,-3.23554, 0.00000, 0.00000,
 4.40000,1465.20000,-0.00000, 0.00000,-0.00000, 6.95287,-0.00000,333.00000, 6.95287,-0.00000,-0.00000,-0.00000,-0.00000, 0.12105, 0.00000, 0.99265, 0.29819,131.79158,2115.73204,2259.70683,-3.23554, 0.00000, 0.00000,
 4.50000,1498.50000,-0.00000, 0.00000,-0.00000, 6.95287,-0.00000,333.00000, 6.95287,-0.00000,-0.00000,-0.00000,-0.00000, 0.12105, 0.00000, 0.99265, 0.29819,131.79158,2115.73204,2259.70683,-3.23554, 0.00000, 0.00000,
 4.60000,1531.80000,-0.00000, 0.00000,-0.00000, 6.95287,-0.00000,333.00000, 6.95287,-0.00000,-0.00000,-0.00000,-0.00000, 0.12105, 0.00000, 0.99265, 0.29819,131.79158,2115.73204,2259.70683,-3.23554, 0.00000, 0.00000,
 4.70000,1565.10000,-0.00000, 0.00000,-0.00000, 6.95287,-0.00000,333.00000, 6.95287,-0.00000,-0.00000,-0.00000,-0.00000, 0.12105, 0.00000, 0.99265, 0.29819,131.79158,2115.73204,2259.70683,-3.23554, 0.00000, 0.00000,
 4.80000,1598.40000,-0.00000, 0.00000,-0.00000, 6.95287,-0.00000,333.00000, 6.95287,-0.00000,-0.00000,-0.00000,-0.00000, 0.12105, 0.00000, 0.99265, 0.29819,131.79158,2115.73204,2259.70683,-3.23554, 0.00000, 0.00000,
 4.90000,1631.70000,-0.00000, 0.00000,-0.00000, 6.95287,-0.00000,333.00000, 6.95287,-0.00000,-0.00000,-0.00000,-0.00000, 0.12105, 0.00000, 0.99265, 0.29819,131.79158,2115.73204,2259.70683,-3.23554, 0.00000, 0.00000,
 5.00000,1665.00000,-0.00000, 0.00000,-0.00000, 6.95287,-0.00000,333.00000, 6.95287,-0.00000,-0.00000,-0.00000,-0.00000, 0.12105, 0.00000, 0.99265, 0.29819,131.79158,2115.73204,2259.70683,-3.23554, 0.00000, 0.00000,
 5.10000,1698.30000,-0.00000, 0.00000,-0.00000, 6.95287,-0.00000,333.00000, 6.95287,-0.00000,-0.00000,-0.00000,-0.00000, 0.12105, 0.00000, 0.99265, 0.29819,131.79158,2115.73204,2259.70683,-3.23554, 0.00000, 0.00000,
 5.20000,1731.60000,-0.00000, 0.00000,-0.00000, 6.95287,-0.00000,333.00000, 6.95287,-0.00000,-0.00000,-0.00000,-0.00000, 0.12105, 0.00000, 0.99265, 0.29819,131.79158,2115.73204,2259.70683,-3.23554, 0.00000, 0.00000,
 5.30000,1764.90000,-0.00000, 0.00000,-0.00000, 6.95287,-0.00000,333.00000, 6.95287,-0.00000,-0.00000,-0.00000,-0.00000, 0.12105, 0.00000, 0.99265, 0.29819,131.79158,2115.73204,2259.70683,-3.23554, 0.00000, 0.00000,
 5.40000,1798.20000,-0.00000, 0.00000,-0.00000, 6.95287,-0.00000,333.00000, 6.95287,-0.00000,-0.00000,-0.00000,-0.00000, 0.12105, 0.00000, 0.99265, 0.29819,131.79158,2115.73204,2259.70683,-3.23554, 0.00000, 0.00000,
 5.50000,1831.50000,-0.00000, 0.00000,-0.00000, 6.95287,-0.00000,333.00000, 6.95287,-0.00000,-0.00000,-0.00000,-0.00000, 0.12105, 0.00000, 0.99265, 0.29819,131.79158,2115.73204,2259.70683,-3.23554, 0.00000, 0.00000,
 5.60000,1864.80000,-0.00000, 0.00000,-0.00000, 6.95287,-0.00000,333.00000, 6.95287,-0.00000,-0.00000,-0.00000,-0.00000, 0.12105, 0.00000, 0.99265, 0.29819,131.79158,2115.73204,2259.70683,-3.23554, 0.00000, 0.00000,
 5.70000,1898.10000,-0.00000, 0.00000,-0.00000, 6.95287,-0.00000,333.00000, 6.95287,-0.00000,-0.00000,-0.00000,-0.00000, 0.12105, 0.00000, 0.99265, 0.29819,131.79158,2115.73204,2259.70683,-3.23554, 0.00000, 0.00000,
 5.80000,1931.40000,-0.00000, 0.00000,-0.00000, 6.95287,-0.00000,333.00000, 6.95287,-0.00000,-0.00000,-0.00000,-0.00000, 0.12105, 0.00000, 0.99265, 0.29819,131.79158,2115.73204,2259.70683,-3.23554, 0.00000, 0.00000,
 5.90000,1964.70000,-0.00000, 0.00000,-0.00000, 6.95287,-0.00000,333.00000, 6.95287,-0.00000,-0.00000,-0.00000,-0.00000, 0.12105, 0.00000, 0.99265, 0.29819,131.79158,2115.73204,2259.70683,-3.23554, 0.00000, 0.00000,
 6.00000,1998.00000,-0.00000, 0.00000,-0.00000, 6.95287,-0.00000,333.00000, 6.95287,-0.00000,-0.00000,-0.00000,-0.00000, 0.12105, 0.00000, 0.99265, 0.29819,131.79158,2115.73204,2259.70683,-3.23554, 0.00000, 0.00000,
 6.10000,2031.30000,-0.00000, 0.00000,-0.00000, 6.95287,-0.00000,333.00000, 6.95287,-0.00000,-0.00000,-0.00000,-0.00000, 0.12105, 0.00000, 0.99265, 0.29819,131.79158,2115.73204,2259.70683,-3.23554, 0.00000, 0.00000,
 6.20000,2064.60000,-0.00000, 0.00000,-0.00000, 6.95287,-0.00000,333.00000, 6.95287,-0.00000,-0.00000,-0.00000,-0.00000, 0.12105, 0.00000, 0.99265, 0.29819,131.79158,2115.73204,2259.70683,-3.23554, 0.00000, 0.00000,
 6.30000,2097.90000,-0.00000, 0.00000,-0.00000, 6.95287,-0.00000,333.00000, 6.95287,-0.00000,-0.00000,-0.00000,-0.00000, 0.12105, 0.00000, 0.99265, 0.29819,131.79158,2115.73204,2259.70683,-3.23554, 0.00000, 0.00000,
 6.40000,2131.20000,-0.00000, 0.00000,-0.00000, 6.95287,-0.00000,333.00000, 6.95287,-0.00000,-0.00000,-0.00000,-0.00000, 0.12105, 0.00000, 0.99265, 0.29819,131.79158,2115.73204,2259.70683,-3.23554, 0.00000, 0.00000,
 6.50000,2164.50000,-0.00000, 0.00000,-0.00000, 6.95287,-0.00000,333.00000, 6.95287,-0.00000,-0.00000,-0.00000,-0.00000, 0.12105, 0.00000, 0.99265, 0.29819,131.79158,2115.73204,2259.70683,-3.23554, 0.00000, 0.00000,
 6.60000,2197.80000,-0.00000, 0.00000,-0.00000, 6.95287,-0.00000,333.00000, 6.95287,-0.00000,-0.00000,-0.00000,-0.00000, 0.12105, 0.00000, 0.99265, 0.29819,131.79158,2115.73204,2259.70683,-3.23554, 0.00000, 0.00000,
 6.70000,2231.10000,-0.00000, 0.00000,-0.00000, 6.95287,-0.00000,333.00000, 6.95287,-0.00000,-0.00000,-0.00000,-0.00000, 0.12105, 0.00000, 0.99265, 0.29819,131.79158,2115.73204,2259.70683,-3.23554, 0.00000, 0.00000,
 6.80000,2264.40000,-0.00000, 0.00000,-0.00000, 6.95287,-0.00000,333.00000, 6.95287,-0.00000,-0.00000,-0.00000,-0.00000, 0.12105, 0.00000, 0.99265, 0.29819,131.79158,2115.73204,2259.70683,-3.23554, 0.00000, 0.00000,
 6.90000,2297.70000,-0.00000, 0.00000,-0.00000, 6.95287,-0.00000,333.00000, 6.95287,-0.00000,-0.00000,-0.00000,-0.00000, 0.12105, 0.00000, 0.99265, 0.29819,131.79158,2115.73204,2259.70683,-3.23554, 0.00000, 0.00000,
 7.00000,2331.00000,-0.00000, 0.00000,-0.00000, 6.95287,-0.00000,333.00000, 6.95287,-0.00000,-0.00000,-0.00000,-0.00000, 0.12105, 0.00000, 0.99265, 0.29819,131.79158,2115.73204,2259.70683,-3.23554, 0.00000, 0.00000,
 7.10000,2364.30000,-0.00000, 0.00000,-0.00000, 6.95287,-0.00000,333.00000, 6.95287,-0.00000,-0.00000,-0.00000,-0.00000, 0.12105, 0.00000, 0.99265, 0.29819,131.79158,2115.73204,2259.70683,-3.23554, 0.00000, 0.00000,
 7.20000,2397.60000,-0.00000, 0.00000,-0.00000, 6.95287,-0.00000,333.00000, 6.95287,-0.00000,-0.00000,-0.00000,-0.00000, 0.12105, 0.00000, 0.99265, 0.29819,131.79158,2115.73204,2259.70683,-3.23554, 0.00000, 0.00000,
 7.30000,2430.90000,-0.00000, 0.00000,-0.00000, 6.95287,-0.00000,333.00000, 6.95287,-0.00000,-0.00000,-0.00000,-0.00000, 0.12105, 0.00000, 0.99265, 0.29819,131.79158,2115.73204,2259.70683,-3.23554, 0.00000, 0.00000,
 7.40000,2464.20000,-0.00000, 0.00000,-0.00000, 6.95287,-0.00000,333.00000, 6.95287,-0.00000,-0.00000,-0.00000,-0.00000, 0.12105, 0.00000, 0.99265, 0.29819,131.79158,2115.73204,2259.70683,-3.23554, 0.00000, 0.00000,
 7.50000,2497.50000,-0.00000, 0.00000,-0.00000, 6.95287,-0.00000,333.00000, 6.95287,-0.00000,-0.00000,-0.00000,-0.00000, 0.12105, 0.00000, 0.99265, 0.29819,131.79158,2115.73204,2259.70683,-3.23554, 0.00000, 0.00000,
 7.60000,2530.80000,-0.00000, 0.00000,-0.00000, 6.95287,-0.00000,333.00000, 6.95287,-0.00000,-0.00000,-0.00000,-0.00000, 0.12105, 0.00000, 0.99265, 0.29819,131.79158,2115.73204,2259.70683,-3.23554, 0.00000, 0.00000,
 7.70000,2564.10000,-0.00000, 0.00000,-0.00000, 6.95287,-0.00000,333.00000, 6.95287,-0.00000,-0.00000,-0.00000,-0.00000, 0.12105, 0.00000, 0.99265, 0.29819,131.79158,2115.73204,2259.70683,-3.23554, 0.00000, 0.00000,
 7.80000,2597.40000,-0.00000, 0.00000,-0.00000, 6.95287,-0.00000,333.00000, 6.95287,-0.00000,-0.00000,-0.00000,-0.00000, 0.12105, 0.00000, 0.99265, 0.29819,131.79158,2115.73204,2259.70683,-3.23554, 0.00000, 0.00000,
 7.90000,2630.70000,-0.00000, 0.00000,-0.00000, 6.95287,-0.00000,333.00000, 6.95287,-0.00000,-0.00000,-0.00000,-0.00000, 0.12105, 0.00000, 0.99265, 0.29819,131.79158,2115.73204,2259.70683,-3.23554, 0.00000, 0.00000,
 8.00000,2664.00000,-0.00000, 0.00000,-0.00000, 6.95287,-0.00000,333.00000, 6.95287,-0.00000,-0.00000,-0.00000,-0.00000, 0.12105, 0.00000, 0.99265, 0.29819,131.79158,2115.73204,2259.70683,-3.23554, 0.00000, 0.00000,
 8.10000,2697.30000,-0.00000, 0.00000,-0.00000, 6.95287,-0.00000,333.00000, 6.95287,-0.00000,-0.00000,-0.00000,-0.00000, 0.12105, 0.00000, 0.99265, 0.29819,131.79158,2115.73204,2259.70683,-3.23554, 0.00000, 0.00000,
 8.20000,2730.60000,-0.00000, 0.00000,-0.00000, 6.95287,-0.00000,333.00000, 6.95287,-0.00000,-0.00000,-0.00000,-0.00000, 0.12105, 0.00000, 0.99265, 0.29819,131.79158,2115.73204,2259.70683,-3.23554, 0.00000, 0.00000,
 8.30000,2763.90000,-0.00000, 0.00000,-0.00000, 6.95287,-0.00000,333.00000, 6.95287,-0.00000,-0.00000,-0.00000,-0.00000, 0.12105, 0.00000, 0.99265, 0.29819,131.79158,2115.73204,2259.70683,-3.23554, 0.00000, 0.00000,
 8.40000,2797.20000,-0.00000, 0.00000,-0.00000, 6.95287,-0.00000,333.00000, 6.95287,-0.00000,-0.00000,-0.00000,-0.00000, 0.12105, 0.00000, 0.99265, 0.29819,131.79158,2115.73204,2259.70683,-3.23554, 0.00000, 0.00000,
 8.50000,2830.50000,-0.00000, 0.00000,-0.00000, 6.95287,-0.00000,333.00000, 6.95287,-0.00000,-0.00000,-0.00000,-0.00000, 0.12105, 0.00000, 0.99265, 0.29819,131.79158,2115.73204,2259.70683,-3.23554, 0.00000, 0.00000,
 8.60000,2863.80000,-0.00000, 0.00000,-0.00000, 6.95287,-0.00000,333.00000, 6.95287,-0.00000,-0.00000,-0.00000,-0.00000, 0.12105, 0.00000, 0.99265, 0.29819,131.79158,2115.73204,2259.70683,-3.23554, 0.00000, 0.00000,
 8.70000,2897.10000,-0.00000, 0.00000,-0.00000, 6.95287,-0.00000,333.00000, 6.95287,-0.00000,-0.00000,-0.00000,-0.00000, 0.12105, 0.00000, 0.99265, 0.29819,131.79158,2115.73204,2259.70683,-3.23554, 0.00000, 0.00000,
 8.80000,2930.40000,-0.00000, 0.00000,-0.00000, 6.95287,-0.00000,333.00000, 6.95287,-0.00000,-0.00000,-0.00000,-0.00000, 0.12105, 0.00000, 0.99265, 0.29819,131.79158,2115.73204,2259.70683,-3.23554, 0.00000, 0.00000,
 8.90000,2963.70000,-0.00000, 0.00000,-0.00000, 6.95287,-0.00000,333.00000, 6.95287,-0.00000,-0.00000,-0.00000,-0.00000, 0.12105, 0.00000, 0.99265, 0.29819,131.79158,2115.73204,2259.70683,-3.23554, 0.00000, 0.00000,
 9.00000,2997.00000,-0.00000, 0.00000,-0.00000, 6.95287,-0.00000,333.00000, 6.95287,-0.00000,-0.00000,-0.00000,-0.00000, 0.12105, 0.00000, 0.99265, 0.29819,131.79158,2115.73204,2259.70683,-3.23554, 0.00000, 0.00000,
 9.10000,3030.30000,-0.00000, 0.00000,-0.00000, 6.95287,-0.00000,333.00000, 6.95287,-0.00000,-0.00000,-0.00000,-0.00000, 0.12105, 0.00000, 0.99265, 0.29819,131.79158,2115.73204,2259.70683,-3.23554, 0.00000, 0.00000,
 9.20000,3063.60000,-0.00000, 0.00000,-0.00000, 6.95287,-0.00000,333.00000, 6.95287,-0.00000,-0.00000,-0.00000,-0.00000, 0.12105, 0.00000, 0.99265, 0.29819,131.79158,2115.73204,2259.70683,-3.23554, 0.00000, 0.00000,
 9.30000,3096.90000,-0.00000, 0.00000,-0.00000, 6.95287,-0.00000,333.00000, 6.95287,-0.00000,-0.00000,-0.00000,-0.00000, 0.12105, 0.00000, 0.99265, 0.29819,131.79158,2115.73204,2259.70683,-3.23554, 0.00000, 0.00000,
 9.40000,3130.20000,-0.00000, 0.00000,-0.00000, 6.95287,-0.00000,333.00000, 6.95287,-0.00000,-0.00000,-0.00000,-0.00000, 0.12105, 0.00000, 0.99265, 0.29819,131.79158,2115.73204,2259.70683,-3.23554, 0.00000, 0.00000,
 9.50000,3163.50000,-0.00000, 0.00000,-0.00000, 6.95287,-0.00000,333.00000, 6.95287,-0.00000,-0.00000,-0.00000,-0.00000, 0.12105, 0.00000, 0.99265, 0.29819,131.79158,2115.73204,2259.70683,-3.23554, 0.00000, 0.00000,
 9.60000,3196.80000,-0.00000, 0.00000,-0.00000, 6.95287,-0.00000,333.00000, 6.95287,-0.00000,-0.00000,-0.00000,-0.00000, 0.12105, 0.00000, 0.99265, 0.29819,131.79158,2115.73204,2259.70683,-3.23554, 0.00000, 0.00000,
 9.70000,3230.10000,-0.00000, 0.00000,-0.00000, 6.95287,-0.00000,333.00000, 6.95287,-0.00000,-0.00000,-0.00000,-0.00000, 0.12105, 0.00000, 0.99265, 0.29819,131.79158,2115.73204,2259.70683,-3.23554, 0.00000, 0.00000,
 9.80000,3263.40000,-0.00000, 0.00000,-0.00000, 6.95287,-0.00000,333.00000, 6.95287,-0.00000,-0.00000,-0.00000,-0.00000, 0.12105, 0.00000, 0.99265, 0.29819,131.79158,2115.73204,2259.70683,-3.23554, 0.00000, 0.00000,
 9.90000,3296.70000,-0.00000, 0.00000,-0.00000, 6.95287,-0.00000,333.00000, 6.95287,-0.00000,-0.00000,-0.00000,-0.00000, 0.12105, 0.00000, 0.99265, 0.29819,131.79158,2115.73204,2259.70683,-3.23554, 0.00000, 0.00000,
10.00000,3330.00000,-0.00000, 0.00000,-0.00000, 6.95287,-0.00000,333.00000, 6.95287,-0.00000,-0.00000,-0.00000,-0.00000, 0.12105, 0.00000, 0.99265, 0.29819,131.79158,2115.73204,2259.70683,-3.23554, 0.00000, 0.00000,
10.10000,3363.30000,-0.00000, 0.00000,-0.00000, 6.95287,-0.00000,333.00000, 6.95287,-0.00000,-0.00000,-0.00000,-0.00000, 0.12105, 0.00000, 0.99265, 0.29819,131.79158,2115.73204,2259.70683,-3.23554, 0.00000, 0.00000,
10.20000,3396.60000,-0.00000, 0.00000,-0.00000, 6.95287,-0.00000,333.00000, 6.95287,-0.00000,-0.00000,-0.00000,-0.00000, 0.12105, 0.00000, 0.99265, 0.29819,131.79158,2115.73204,2259.70683,-3.23554, 0.00000, 0.00000,
10.30000,3429.90000,-0.00000, 0.00000,-0.00000, 6.95287,-0.00000,333.00000, 6.95287,-0.00000,-0.00000,-0.00000,-0.00000, 0.12105, 0.00000, 0.99265, 0.29819,131.79158,2115.73204,2259.70683,-3.23554, 0.00000, 0.00000,
10.40000,3463.20000,-0.00000, 0.00000,-0.00000, 6.95287,-0.00000,333.00000, 6.95287,-0.00000,-0.00000,-0.00000,-0.00000, 0.12105, 0.00000, 0.99265, 0.29819,131.79158,2115.73204,2259.70683,-3.23554, 0.00000, 0.00000,
10.50000,3496.50000,-0.00000, 0.00000,-0.00000, 6.95287,-0.00000,333.00000, 6.95287,-0.00000,-0.00000,-0.00000,-0.00000, 0.12105, 0.00000, 0.99265, 0.29819,131.79158,2115.73204,2259.70683,-3.23554, 0.00000, 0.00000,
10.60000,3529.80000,-0.00000, 0.00000,-0.00000, 6.95287,-0.00000,333.00000, 6.95287,-0.00000,-0.00000,-0.00000,-0.00000, 0.12105, 0.00000, 0.99265, 0.29819,131.79158,2115.73204,2259.70683,-3.23554, 0.00000, 0.00000,
10.70000,3563.10000,-0.00000, 0.00000,-0.00000, 6.95287,-0.00000,333.00000, 6.95287,-0.00000,-0.00000,-0.00000,-0.00000, 0.12105, 0.00000, 0.99265, 0.29819,131.79158,2115.73204,2259.70683,-3.23554, 0.00000, 0.00000,
10.80000,3596.40000,-0.00000, 0.00000,-0.00000, 6.95287,-0.00000,333.00000, 6.95287,-0.00000,-0.00000,-0.00000,-0.00000, 0.12105, 0.00000, 0.99265, 0.29819,131.79158,2115.73204,2259.70683,-3.23554, 0.00000, 0.00000,
10.90000,3629.70000,-0.00000, 0.00000,-0.00000, 6.95287,-0.00000,333.00000, 6.95287,-0.00000,-0.00000,-0.00000,-0.00000, 0.12105, 0.00000, 0.99265, 0.29819,131.79158,2115.73204,2259.70683,-3.23554, 0.00000, 0.00000,
11.00000,3663.00000,-0.00000, 0.00000,-0.00000, 6.95287,-0.00000,333.00000, 6.95287,-0.00000,-0.00000,-0.00000,-0.00000, 0.12105, 0.00000, 0.99265, 0.29819,131.79158,2115.73204,2259.70683,-3.23554, 0.00000, 0.00000,
11.10000,3696.30000,-0.00000, 0.00000,-0.00000, 6.95287,-0.00000,333.00000, 6.95287,-0.00000,-0.00000,-0.00000,-0.00000, 0.12105, 0.00000, 0.99265, 0.29819,131.79158,2115.73204,2259.70683,-3.23554, 0.00000, 0.00000,
11.20000,3729.60000,-0.00000, 0.00000,-0.00000, 6.95287,-0.00000,333.00000, 6.95287,-0.00000,-0.00000,-0.00000,-0.00000, 0.12105, 0.00000, 0.99265, 0.29819,131.79158,2115.73204,2259.70683,-3.23554, 0.00000, 0.00000,
11.30000,3762.90000,-0.00000, 0.00000,-0.00000, 6.95287,-0.00000,333.00000, 6.95287,-0.00000,-0.00000,-0.00000,-0.00000, 0.12105, 0.00000, 0.99265, 0.29819,131.79158,2115.73204,2259.70683,-3.23554, 0.00000, 0.00000,
11.40000,3796.20000,-0.00000, 0.00000,-0.00000, 6.95287,-0.00000,333.00000, 6.95287,-0.00000,-0.00000,-0.00000,-0.00000, 0.12105, 0.00000, 0.99265, 0.29819,131.79158,2115.73204,2259.70683,-3.23554, 0.00000, 0.00000,
11.50000,3829.50000,-0.00000, 0.00000,-0.00000, 6.95287,-0.00000,333.00000, 6.95287,-0.00000,-0.00000,-0.00000,-0.00000, 0.12105, 0.00000, 0.99265, 0.29819,131.79158,2115.73204,2259.70683,-3.23554, 0.00000, 0.00000,
11.60000,3862.80000,-0.00000, 0.00000,-0.00000, 6.95287,-0.00000,333.00000, 6.95287,-0.00000,-0.00000,-0.00000,-0.00000, 0.12105, 0.00000, 0.99265, 0.29819,131.79158,2115.73204,2259.70683,-3.23554, 0.00000, 0.00000,
11.70000,3896.10000,-0.00000, 0.00000,-0.00000, 6.95287,-0.00000,333.00000, 6.95287,-0.00000,-0.00000,-0.00000,-0.00000, 0.12105, 0.00000, 0.99265, 0.29819,131.79158,2115.73204,2259.70683,-3.23554, 0.00000, 0.00000,
11.80000,3929.40000,-0.00000, 0.00000,-0.00000, 6.95287,-0.00000,333.00000, 6.95287,-0.00000,-0.00000,-0.00000,-0.00000, 0.12105, 0.00000, 0.99265, 0.29819,131.79158,2115.73204,2259.70683,-3.23554, 0.00000, 0.00000,
11.90000,3962.70000,-0.00000, 0.00000,-0.00000, 6.95287,-0.00000,333.00000, 6.95287,-0.00000,-0.00000,-0.00000,-0.00000, 0.12105, 0.00000, 0.99265, 0.29819,131.79158,2115.73204,2259.70683,-3.23554, 0.00000, 0.00000,
12.00000,3996.00000,-0.00000, 0.00000,-0.00000, 6.95287,-0.00000,333.00000, 6.95287,-0.00000,-0.00000,-0.00000,-0.00000, 0.12105, 0.00000, 0.99265, 0.29819,131.79158,2115.73204,2259.70683,-3.23554, 0.00000, 0.00000,
12.10000,4029.30000,-0.00000, 0.00000,-0.00000, 6.95287,-0.00000,333.00000, 6.95287,-0.00000,-0.00000,-0.00000,-0.00000, 0.12105, 0.00000, 0.99265, 0.29819,131.79158,2115.73204,2259.70683,-3.23554, 0.00000, 0.00000,
12.20000,4062.60000,-0.00000, 0.00000,-0.00000, 6.95287,-0.00000,333.00000, 6.95287,-0.00000,-0.00000,-0.00000,-0.00000, 0.12105, 0.00000, 0.99265, 0.29819,131.79158,2115.73204,2259.70683,-3.23554, 0.00000, 0.00000,
12.30000,4095.90000,-0.00000, 0.00000,-0.00000, 6.95287,-0.00000,333.00000, 6.95287,-0.00000,-0.00000,-0.00000,-0.00000, 0.12105, 0.00000, 0.99265, 0.29819,131.79158,2115.73204,2259.70683,-3.23554, 0.00000, 0.00000,
12.40000,4129.20000,-0.00000, 0.00000,-0.00000, 6.95287,-0.00000,333.00000, 6.95287,-0.00000,-0.00000,-0.00000,-0.00000, 0.12105, 0.00000, 0.99265, 0.29819,131.79158,2115.73204,2259.70683,-3.23554, 0.00000, 0.00000,
12.50000,4162.50000,-0.00000, 0.00000,-0.00000, 6.95287,-0.00000,333.00000, 6.95287,-0.00000,-0.00000,-0.00000,-0.00000, 0.12105, 0.00000, 0.99265, 0.29819,131.79158,2115.73204,2259.70683,-3.23554, 0.00000, 0.00000,
12.60000,4195.80000,-0.00000, 0.00000,-0.00000, 6.95287,-0.00000,333.00000, 6.95287,-0.00000,-0.00000,-0.00000,-0.00000, 0.12105, 0.00000, 0.99265, 0.29819,131.79158,2115.73204,2259.70683,-3.23554, 0.00000, 0.00000,
12.70000,4229.10000,-0.00000, 0.00000,-0.00000, 6.95287,-0.00000,333.00000, 6.95287,-0.00000,-0.00000,-0.00000,-0.00000, 0.12105, 0.00000, 0.99265, 0.29819,131.79158,2115.73204,2259.70683,-3.23554, 0.00000, 0.00000,
12.80000,4262.40000,-0.00000, 0.00000,-0.00000, 6.95287,-0.00000,333.00000, 6.95287,-0.00000,-0.00000,-0.00000,-0.00000, 0.12105, 0.00000, 0.99265, 0.29819,131.79158,2115.73204,2259.70683,-3.23554, 0.00000, 0.00000,
12.90000,4295.70000,-0.00000, 0.00000,-0.00000, 6.95287,-0.00000,333.00000, 6.95287,-0.00000,-0.00000,-0.00000,-0.00000, 0.12105, 0.00000, 0.99265, 0.29819,131.79158,2115.73204,2259.70683,-3.23554, 0.00000, 0.00000,
13.00000,4329.00000,-0.00000, 0.00000,-0.00000, 6.95287,-0.00000,333.00000, 6.95287,-0.00000,-0.00000,-0.00000,-0.00000, 0.12105, 0.00000, 0.99265, 0.29819,131.79158,2115.73204,2259.70683,-3.23554, 0.00000, 0.00000,
13.10000,4362.30000,-0.00000, 0.00000,-0.00000, 6.95287,-0.00000,333.00000, 6.95287,-0.00000,-0.00000,-0.00000,-0.00000, 0.12105, 0.00000, 0.99265, 0.29819,131.79158,2115.73204,2259.70683,-3.23554, 0.00000, 0.00000,
13.20000,4395.60000,-0.00000, 0.00000,-0.00000, 6.95287,-0.00000,333.00000, 6.95287,-0.00000,-0.00000,-0.00000,-0.00000, 0.12105, 0.00000, 0.99265, 0.29819,131.79158,2115.73204,2259.70683,-3.23554, 0.00000, 0.00000,
13.30000,4428.90000,-0.00000, 0.00000,-0.00000, 6.95287,-0.00000,333.00000, 6.95287,-0.00000,-0.00000,-0.00000,-0.00000, 0.12105, 0.00000, 0.99265, 0.29819,131.79158,2115.73204,2259.70683,-3.23554, 0.00000, 0.00000,
13.40000,4462.20000,-0.00000, 0.00000,-0.00000, 6.95287,-0.00000,333.00000, 6.95287,-0.00000,-0.00000,-0.00000,-0.00000, 0.12105, 0.00000, 0.99265, 0.29819,131.79158,2115.73204,2259.70683,-3.23554, 0.00000, 0.00000,
13.50000,4495.50000,-0.00000, 0.00000,-0.00000, 6.95287,-0.00000,333.00000, 6.95287,-0.00000,-0.00000,-0.00000,-0.00000, 0.12105, 0.00000, 0.99265, 0.29819,131.79158,2115.73204,2259.70683,-3.23554, 0.00000, 0.00000,
13.60000,4528.80000,-0.00000, 0.00000,-0.00000, 6.95287,-0.00000,333.00000, 6.95287,-0.00000,-0.00000,-0.00000,-0.00000, 0.12105, 0.00000, 0.99265, 0.29819,131.79158,2115.73204,2259.70683,-3.23554, 0.00000, 0.00000,
13.70000,4562.10000,-0.00000, 0.00000,-0.00000, 6.95287,-0.00000,333.00000, 6.95287,-0.00000,-0.00000,-0.00000,-0.00000, 0.12105, 0.00000, 0.99265, 0.29819,131.79158,2115.73204,2259.70683,-3.23554, 0.00000, 0.00000,
13.80000,4595.40000,-0.00000, 0.00000,-0.00000, 6.95287,-0.00000,333.00000, 6.95287,-0.00000,-0.00000,-0.00000,-0.00000, 0.12105, 0.00000, 0.99265, 0.29819,131.79158,2115.73204,2259.70683,-3.23554, 0.00000, 0.00000,
13.90000,4628.70000,-0.00000, 0.00000,-0.00000, 6.95287,-0.00000,333.00000, 6.95287,-0.00000,-0.00000,-0.00000,-0.00000, 0.12105, 0.00000, 0.99265, 0.29819,131.79158,2115.73204,2259.70683,-3.23554, 0.00000, 0.00000,
14.00000,4662.00000,-0.00000, 0.00000,-0.00000, 6.95287,-0.00000,333.00000, 6.95287,-0.00000,-0.00000,-0.00000,-0.00000, 0.12105, 0.00000, 0.99265, 0.29819,131.79158,2115.73204,2259.70683,-3.23554, 0.00000, 0.00000,
14.10000,4695.30000,-0.00000, 0.00000,-0.00000, 6.95287,-0.00000,333.00000, 6.95287,-0.00000,-0.00000,-0.00000,-0.00000, 0.12105, 0.00000, 0.99265, 0.29819,131.79158,2115.73204,2259.70683,-3.23554, 0.00000, 0.00000,
14.20000,4728.60000,-0.00000, 0.00000,-0.00000, 6.95287,-0.00000,333.00000, 6.95287,-0.00000,-0.00000,-0.00000,-0.00000, 0.12105, 0.00000, 0.99265, 0.29819,131.79158,2115.73204,2259.70683,-3.23554, 0.00000, 0.00000,
14.30000,4761.90000,-0.00000, 0.00000,-0.00000, 6.95287,-0.00000,333.00000, 6.95287,-0.00000,-0.00000,-0.00000,-0.00000, 0.12105, 0.00000, 0.99265, 0.29819,131.79158,2115.73204,2259.70683,-3.23554, 0.00000, 0.00000,
14.40000,4795.20000,-0.00000, 0.00000,-0.00000, 6.95287,-0.00000,333.00000, 6.95287,-0.00000,-0.00000,-0.00000,-0.00000, 0.12105, 0.00000, 0.99265, 0.29819,131.79158,2115.73204,2259.70683,-3.23554, 0.00000, 0.00000,
14.50000,4828.50000,-0.00000, 0.00000,-0.00000, 6.95287,-0.00000,333.00000, 6.95287,-0.00000,-0.00000,-0.00000,-0.00000, 0.12105, 0.00000, 0.99265, 0.29819,131.79158,2115.73204,2259.70683,-3.23554, 0.00000, 0.00000,
14.60000,4861.80000,-0.00000, 0.00000,-0.00000, 6.95287,-0.00000,333.00000, 6.95287,-0.00000,-0.00000,-0.00000,-0.00000, 0.12105, 0.00000, 0.99265, 0.29819,131.79158,2115.73204,2259.70683,-3.23554, 0.00000, 0.00000,
14.70000,4895.10000,-0.00000, 0.00000,-0.00000, 6.95287,-0.00000,333.00000, 6.95287,-0.00000,-0.00000,-0.00000,-0.00000, 0.12105, 0.00000, 0.99265, 0.29819,131.79158,2115.73204,2259.70683,-3.23554, 0.00000, 0.00000,
14.80000,4928.40000,-0.00000, 0.00000,-0.00000, 6.95287,-0.00000,333.00000, 6.95287,-0.00000,-0.00000,-0.00000,-0.00000, 0.12105, 0.00000, 0.99265, 0.29819,131.79158,2115.73204,2259.70683,-3.23554, 0.00000, 0.00000,
14.90000,4961.70000,-0.00000, 0.00000,-0.00000, 6.95287,-0.00000,333.00000, 6.95287,-0.00000,-0.00000,-0.00000,-0.00000, 0.12105, 0.00000, 0.99265, 0.29819,131.79158,2115.73204,2259.70683,-3.23554, 0.00000, 0.00000,
15.00000,4995.00000,-0.00000, 0.00000,-0.00000, 6.95287,-0.00000,333.00000, 6.95287,-0.00000,-0.00000,-0.00000,-0.00000, 0.12105, 0.00000, 0.99265, 0.29819,131.79158,2115.73204,2259.70683,-3.23554, 0.00000, 0.00000,
15.10000,5028.30000,-0.00000, 0.00000,-0.00000, 6.95287,-0.00000,333.00000, 6.95287,-0.00000,-0.00000,-0.00000,-0.00000, 0.12105, 0.00000, 0.99265, 0.29819,131.79158,2115.73204,2259.70683,-3.23554, 0.00000, 0.00000,
15.20000,5061.60000,-0.00000, 0.00000,-0.00000, 6.95287,-0.00000,333.00000, 6.95287,-0.00000,-0.00000,-0.00000,-0.00000, 0.12105, 0.00000, 0.99265, 0.29819,131.79158,2115.73204,2259.70683,-3.23554, 0.00000, 0.00000,
15.30000,5094.90000,-0.00000, 0.00000,-0.00000, 6.95287,-0.00000,333.00000, 6.95287,-0.00000,-0.00000,-0.00000,-0.00000, 0.12105, 0.00000, 0.99265, 0.29819,131.79158,2115.73204,2259.70683,-3.23554, 0.00000, 0.00000,
15.40000,5128.20000,-0.00000, 0.00000,-0.00000, 6.95287,-0.00000,333.00000, 6.95287,-0.00000,-0.00000,-0.00000,-0.00000, 0.12105, 0.00000, 0.99265, 0.29819,131.79158,2115.73204,2259.70683,-3.23554, 0.00000, 0.00000,
15.50000,5161.50000,-0.00000, 0.00000,-0.00000, 6.95287,-0.00000,333.00000, 6.95287,-0.00000,-0.00000,-0.00000,-0.00000, 0.12105, 0.00000, 0.99265, 0.29819,131.79158,2115.73204,2259.70683,-3.23554, 0.00000, 0.00000,
15.60000,5194.80000,-0.00000, 0.00000,-0.00000, 6.95287,-0.00000,333.00000, 6.95287,-0.00000,-0.00000,-0.00000,-0.00000, 0.12105, 0.00000, 0.99265, 0.29819,131.79158,2115.73204,2259.70683,-3.23554, 0.00000, 0.00000,
15.70000,5228.10000,-0.00000, 0.00000,-0.00000, 6.95287,-0.00000,333.00000, 6.95287,-0.00000,-0.00000,-0.00000,-0.00000, 0.12105, 0.00000, 0.99265, 0.29819,131.79158,2115.73204,2259.70683,-3.23554, 0.00000, 0.00000,
15.80000,5261.40000,-0.00000, 0.00000,-0.00000, 6.95287,-0.00000,333.00000, 6.95287,-0.00000,-0.00000,-0.00000,-0.00000, 0.12105, 0.00000, 0.99265, 0.29819,131.79158,2115.73204,2259.70683,-3.23554, 0.00000, 0.00000,
15.90000,5294.70000,-0.00000, 0.00000,-0.00000, 6.95287,-0.00000,333.00000, 6.95287,-0.00000,-0.00000,-0.00000,-0.00000, 0.12105, 0.00000, 0.99265, 0.29819,131.79158,2115.73204,2259.70683,-3.23554, 0.00000, 0.00000,
16.00000,5328.00000,-0.00000, 0.00000,-0.00000, 6.95287,-0.00000,333.00000, 6.95287,-0.00000,-0.00000,-0.00000,-0.00000, 0.12105, 0.00000, 0.99265, 0.29819,131.79158,2115.73204,2259.70683,-3.23554, 0.00000, 0.00000,
16.10000,5361.30000,-0.00000, 0.00000,-0.00000, 6.95287,-0.00000,333.00000, 6.95287,-0.00000,-0.00000,-0.00000,-0.00000, 0.12105, 0.00000, 0.99265, 0.29819,131.79158,2115.73204,2259.70683,-3.23554, 0.00000, 0.00000,
16.20000,5394.60000,-0.00000, 0.00000,-0.00000, 6.95287,-0.00000,333.00000, 6.95287,-0.00000,-0.00000,-0.00000,-0.00000, 0.12105, 0.00000, 0.99265, 0.29819,131.79158,2115.73204,2259.70683,-3.23554, 0.00000, 0.00000,
16.30000,5427.90000,-0.00000, 0.00000,-0.00000, 6.95287,-0.00000,333.00000, 6.95287,-0.00000,-0.00000,-0.00000,-0.00000, 0.12105, 0.00000, 0.99265, 0.29819,131.79158,2115.73204,2259.70683,-3.23554, 0.00000, 0.00000,
16.40000,5461.20000,-0.00000, 0.00000,-0.00000, 6.95287,-0.00000,333.00000, 6.95287,-0.00000,-0.00000,-0.00000,-0.00000, 0.12105, 0.00000, 0.99265, 0.29819,131.79158,2115.73204,2259.70683,-3.23554, 0.00000, 0.00000,
16.50000,5494.50000,-0.00000, 0.00000,-0.00000, 6.95287,-0.00000,333.00000, 6.95287,-0.00000,-0.00000,-0.00000,-0.00000, 0.12105, 0.00000, 0.99265, 0.29819,131.79158,2115.73204,2259.70683,-3.23554, 0.00000, 0.00000,
16.60000,5527.80000,-0.00000, 0.00000,-0.00000, 6.95287,-0.00000,333.00000, 6.95287,-0.00000,-0.00000,-0.00000,-0.00000, 0.12105, 0.00000, 0.99265, 0.29819,131.79158,2115.73204,2259.70683,-3.23554, 0.00000, 0.00000,
16.70000,5561.10000,-0.00000, 0.00000,-0.00000, 6.95287,-0.00000,333.00000, 6.95287,-0.00000,-0.00000,-0.00000,-0.00000, 0.12105, 0.00000, 0.99265, 0.29819,131.79158,2115.73204,2259.70683,-3.23554, 0.00000, 0.00000,
16.80000,5594.40000,-0.00000, 0.00000,-0.00000, 6.95287,-0.00000,333.00000, 6.95287,-0.00000,-0.00000,-0.00000,-0.00000, 0.12105, 0.00000, 0.99265, 0.29819,131.79158,2115.73204,2259.70683,-3.23554, 0.00000, 0.00000,
16.90000,5627.70000,-0.00000, 0.00000,-0.00000, 6.95287,-0.00000,333.00000, 6.95287,-0.00000,-0.00000,-0.00000,-0.00000, 0.12105, 0.00000, 0.99265, 0.29819,131.79158,2115.73204,2259.70683,-3.23554, 0.00000, 0.00000,
17.00000,5661.00000,-0.00000, 0.00000,-0.00000, 6.95287,-0.00000,333.00000, 6.95287,-0.00000,-0.00000,-0.00000,-0.00000, 0.12105, 0.00000, 0.99265, 0.29819,131.79158,2115.73204,2259.70683,-3.23554, 0.00000, 0.00000,
17.10000,5694.30000,-0.00000, 0.00000,-0.00000, 6.95287,-0.00000,333.00000, 6.95287,-0.00000,-0.00000,-0.00000,-0.00000, 0.12105, 0.00000, 0.99265, 0.29819,131.79158,2115.73204,2259.70683,-3.23554, 0.00000, 0.00000,
17.20000,5727.60000,-0.00000, 0.00000,-0.00000, 6.95287,-0.00000,333.00000, 6.95287,-0.00000,-0.00000,-0.00000,-0.00000, 0.12105, 0.00000, 0.99265, 0.29819,131.79158,2115.73204,2259.70683,-3.23554, 0.00000, 0.00000,
17.30000,5760.90000,-0.00000, 0.00000,-0.00000, 6.95287,-0.00000,333.00000, 6.95287,-0.00000,-0.00000,-0.00000,-0.00000, 0.12105, 0.00000, 0.99265, 0.29819,131.79158,2115.73204,2259.70683,-3.23554, 0.00000, 0.00000,
17.40000,5794.20000,-0.00000, 0.00000,-0.00000, 6.95287,-0.00000,333.00000, 6.95287,-0.00000,-0.00000,-0.00000,-0.00000, 0.12105, 0.00000, 0.99265, 0.29819,131.79158,2115.73204,2259.70683,-3.23554, 0.00000, 0.00000,
17.50000,5827.50000,-0.00000, 0.00000,-0.00000, 6.95287,-0.00000,333.00000, 6.95287,-0.00000,-0.00000,-0.00000,-0.00000, 0.12105, 0.00000, 0.99265, 0.29819,131.79158,2115.73204,2259.70683,-3.23554, 0.00000, 0.00000,
17.60000,5860.80000,-0.00000, 0.00000,-0.00000, 6.95287,-0.00000,333.00000, 6.95287,-0.00000,-0.00000,-0.00000,-0.00000, 0.12105, 0.00000, 0.99265, 0.29819,131.79158,2115.73204,2259.70683,-3.23554, 0.00000, 0.00000,
17.70000,5894.10000,-0.00000, 0.00000,-0.00000, 6.95287,-0.00000,333.00000, 6.95287,-0.00000,-0.00000,-0.00000,-0.00000, 0.12105, 0.00000, 0.99265, 0.29819,131.79158,2115.73204,2259.70683,-3.23554, 0.00000, 0.00000,
17.80000,5927.40000,-0.00000, 0.00000,-0.00000, 6.95287,-0.00000,333.00000, 6.95287,-0.00000,-0.00000,-0.00000,-0.00000, 0.12105, 0.00000, 0.99265, 0.29819,131.79158,2115.73204,2259.70683,-3.23554, 0.00000, 0.00000,
17.90000,5960.70000,-0.00000, 0.00000,-0.00000, 6.95287,-0.00000,333.00000, 6.95287,-0.00000,-0.00000,-0.00000,-0.00000, 0.12105, 0.00000, 0.99265, 0.29819,131.79158,2115.73204,2259.70683,-3.23554, 0.00000, 0.00000,
18.00000,5994.00000,-0.00000, 0.00000,-0.00000, 6.95287,-0.00000,333.00000, 6.95287,-0.00000,-0.00000,-0.00000,-0.00000, 0.12105, 0.00000, 0.99265, 0.29819,131.79158,2115.73204,2259.70683,-3.23554, 0.00000, 0.00000,
18.10000,6027.30000,-0.00000, 0.00000,-0.00000, 6.95287,-0.00000,333.00000, 6.95287,-0.00000,-0.00000,-0.00000,-0.00000, 0.12105, 0.00000, 0.99265, 0.29819,131.79158,2115.73204,2259.70683,-3.23554, 0.00000, 0.00000,
18.20000,6060.60000,-0.00000, 0.00000,-0.00000, 6.95287,-0.00000,333.00000, 6.95287,-0.00000,-0.00000,-0.00000,-0.00000, 0.12105, 0.00000, 0.99265, 0.29819,131.79158,2115.73204,2259.70683,-3.23554, 0.00000, 0.00000,
18.30000,6093.90000,-0.00000, 0.00000,-0.00000, 6.95287,-0.00000,333.00000, 6.95287,-0.00000,-0.00000,-0.00000,-0.00000, 0.12105, 0.00000, 0.99265, 0.29819,131.79158,2115.73204,2259.70683,-3.23554, 0.00000, 0.00000,
18.40000,6127.20000,-0.00000, 0.00000,-0.00000, 6.95287,-0.00000,333.00000, 6.95287,-0.00000,-0.00000,-0.00000,-0.00000, 0.12105, 0.00000, 0.99265, 0.29819,131.79158,2115.73204,2259.70683,-3.23554, 0.00000, 0.00000,
18.50000,6160.50000,-0.00000, 0.00000,-0.00000, 6.95287,-0.00000,333.00000, 6.95287,-0.00000,-0.00000,-0.00000,-0.00000, 0.12105, 0.00000, 0.99265, 0.29819,131.79158,2115.73204,2259.70683,-3.23554, 0.00000, 0.00000,
18.60000,6193.80000,-0.00000, 0.00000,-0.00000, 6.95287,-0.00000,333.00000, 6.95287,-0.00000,-0.00000,-0.00000,-0.00000, 0.12105, 0.00000, 0.99265, 0.29819,131.79158,2115.73204,2259.70683,-3.23554, 0.00000, 0.00000,
18.70000,6227.10000,-0.00000, 0.00000,-0.00000, 6.95287,-0.00000,333.00000, 6.95287,-0.00000,-0.00000,-0.00000,-0.00000, 0.12105, 0.00000, 0.99265, 0.29819,131.79158,2115.73204,2259.70683,-3.23554, 0.00000, 0.00000,
18.80000,6260.40000,-0.00000, 0.00000,-0.00000, 6.95287,-0.00000,333.00000, 6.95287,-0.00000,-0.00000,-0.00000,-0.00000, 0.12105, 0.00000, 0.99265, 0.29819,131.79158,2115.73204,2259.70683,-3.23554, 0.00000, 0.00000,
18.90000,6293.70000,-0.00000, 0.00000,-0.00000, 6.95287,-0.00000,333.00000, 6.95287,-0.00000,-0.00000,-0.00000,-0.00000, 0.12105, 0.00000, 0.99265, 0.29819,131.79158,2115.73204,2259.70683,-3.23554, 0.00000, 0.00000,
19.00000,6327.00000,-0.00000, 0.00000,-0.00000, 6.95287,-0.00000,333.00000, 6.95287,-0.00000,-0.00000,-0.00000,-0.00000, 0.12105, 0.00000, 0.99265, 0.29819,131.79158,2115.73204,2259.70683,-3.23554, 0.00000, 0.00000,
19.10000,6360.30000,-0.00000, 0.00000,-0.00000, 6.95287,-0.00000,333.00000, 6.95287,-0.00000,-0.00000,-0.00000,-0.00000, 0.12105, 0.00000, 0.99265, 0.29819,131.79158,2115.73204,2259.70683,-3.23554, 0.00000, 0.00000,
19.20000,6393.60000,-0.00000, 0.00000,-0.00000, 6.95287,-0.00000,333.00000, 6.95287,-0.00000,-0.00000,-0.00000,-0.00000, 0.12105, 0.00000, 0.99265, 0.29819,131.79158,2115.73204,2259.70683,-3.23554, 0.00000, 0.00000,
19.30000,6426.90000,-0.00000, 0.00000,-0.00000, 6.95287,-0.00000,333.00000, 6.95287,-0.00000,-0.00000,-0.00000,-0.00000, 0.12105, 0.00000, 0.99265, 0.29819,131.79158,2115.73204,2259.70683,-3.23554, 0.00000, 0.00000,
19.40000,6460.20000,-0.00000, 0.00000,-0.00000, 6.95287,-0.00000,333.00000, 6.95287,-0.00000,-0.00000,-0.00000,-0.00000, 0.12105, 0.00000, 0.99265, 0.29819,131.79158,2115.73204,2259.70683,-3.23554, 0.00000, 0.00000,
19.50000,6493.50000,-0.00000, 0.00000,-0.00000, 6.95287,-0.00000,333.00000, 6.95287,-0.00000,-0.00000,-0.00000,-0.00000, 0.12105, 0.00000, 0.99265, 0.29819,131.79158,2115.73204,2259.70683,-3.23554, 0.00000, 0.00000,
19.60000,6526.80000,-0.00000, 0.00000,-0.00000, 6.95287,-0.00000,333.00000, 6.95287,-0.00000,-0.00000,-0.00000,-0.00000, 0.12105, 0.00000, 0.99265, 0.29819,131.79158,2115.73204,2259.70683,-3.23554, 0.00000, 0.00000,
19.70000,6560.10000,-0.00000, 0.00000,-0.00000, 6.95287,-0.00000,333.00000, 6.95287,-0.00000,-0.00000,-0.00000,-0.00000, 0.12105, 0.00000, 0.99265, 0.29819,131.79158,2115.73204,2259.70683,-3.23554, 0.00000, 0.00000,
19.80000,6593.40000,-0.00000, 0.00000,-0.00000, 6.95287,-0.00000,333.00000, 6.95287,-0.00000,-0.00000,-0.00000,-0.00000, 0.12105, 0.00000, 0.99265, 0.29819,131.79158,2115.73204,2259.70683,-3.23554, 0.00000, 0.00000,
19.90000,6626.70000,-0.00000, 0.00000,-0.00000, 6.95287,-0.00000,333.00000, 6.95287,-0.00000,-0.00000,-0.00000,-0.00000, 0.12105, 0.00000, 0.99265, 0.29819,131.79158,2115.73204,2259.70683,-3.23554, 0.00000, 0.00000,
20.00000,6660.00000,-0.00000, 0.00000,-0.00000, 6.95287,-0.00000,333.00000, 6.95287,-0.00000,-0.00000,-0.00000,-0.00000, 0.12105, 0.00000, 0.99265, 0.29819,131.79158,2115.73204,2259.70683,-3.23554, 0.00000, 0.00000,
20.10000,6693.30000,-0.00000, 0.00000,-0.00000, 6.95287,-0.00000,333.00000, 6.95287,-0.00000,-0.00000,-0.00000,-0.00000, 0.12105, 0.00000, 0.99265, 0.29819,131.79158,2115.73204,2259.70683,-3.23554, 0.00000, 0.00000,
20.20000,6726.60000,-0.00000, 0.00000,-0.00000, 6.95287,-0.00000,333.00000, 6.95287,-0.00000,-0.00000,-0.00000,-0.00000, 0.12105, 0.00000, 0.99265, 0.29819,131.79158,2115.73204,2259.70683,-3.23554, 0.00000, 0.00000,
20.30000,6759.90000,-0.00000, 0.00000,-0.00000, 6.95287,-0.00000,333.00000, 6.95287,-0.00000,-0.00000,-0.00000,-0.00000, 0.12105, 0.00000, 0.99265, 0.29819,131.79158,2115.73204,2259.70683,-3.23554, 0.00000, 0.00000,
20.40000,6793.20000,-0.00000, 0.00000,-0.00000, 6.95287,-0.00000,333.00000, 6.95287,-0.00000,-0.00000,-0.00000,-0.00000, 0.12105, 0.00000, 0.99265, 0.29819,131.79158,2115.73204,2259.70683,-3.23554, 0.00000, 0.00000,
20.50000,6826.50000,-0.00000, 0.00000,-0.00000, 6.95287,-0.00000,333.00000, 6.95287,-0.00000,-0.00000,-0.00000,-0.00000, 0.12105, 0.00000, 0.99265, 0.29819,131.79158,2115.73204,2259.70683,-3.23554, 0.00000, 0.00000,
20.60000,6859.80000,-0.00000, 0.00000,-0.00000, 6.95287,-0.00000,333.00000, 6.95287,-0.00000,-0.00000,-0.00000,-0.00000, 0.12105, 0.00000, 0.99265, 0.29819,131.79158,2115.73204,2259.70683,-3.23554, 0.00000, 0.00000,
20.70000,6893.10000,-0.00000, 0.00000,-0.00000, 6.95287,-0.00000,333.00000, 6.95287,-0.00000,-0.00000,-0.00000,-0.00000, 0.12105, 0.00000, 0.99265, 0.29819,131.79158,2115.73204,2259.70683,-3.23554, 0.00000, 0.00000,
20.80000,6926.40000,-0.00000, 0.00000,-0.00000, 6.95287,-0.00000,333.00000, 6.95287,-0.00000,-0.00000,-0.00000,-0.00000, 0.12105, 0.00000, 0.99265, 0.29819,131.79158,2115.73204,2259.70683,-3.23554, 0.00000, 0.00000,
20.90000,6959.70000,-0.00000, 0.00000,-0.00000, 6.95287,-0.00000,333.00000, 6.95287,-0.00000,-0.00000,-0.00000,-0.00000, 0.12105, 0.00000, 0.99265, 0.29819,131.79158,2115.73204,2259.70683,-3.23554, 0.00000, 0.00000,
21.00000,6993.00000,-0.00000, 0.00000,-0.00000, 6.95287,-0.00000,333.00000, 6.95287,-0.00000,-0.00000,-0.00000,-0.00000, 0.12105, 0.00000, 0.99265, 0.29819,131.79158,2115.73204,2259.70683,-3.23554, 0.00000, 0.00000,
21.10000,7026.30000,-0.00000, 0.00000,-0.00000, 6.95287,-0.00000,333.00000, 6.95287,-0.00000,-0.00000,-0.00000,-0.00000, 0.12105, 0.00000, 0.99265, 0.29819,131.79158,2115.73204,2259.70683,-3.23554, 0.00000, 0.00000,
21.20000,7059.60000,-0.00000, 0.00000,-0.00000, 6.95287,-0.00000,333.00000, 6.95287,-0.00000,-0.00000,-0.00000,-0.00000, 0.12105, 0.00000, 0.99265, 0.29819,131.79158,2115.73204,2259.70683,-3.23554, 0.00000, 0.00000,
21.30000,7092.90000,-0.00000, 0.00000,-0.00000, 6.95287,-0.00000,333.00000, 6.95287,-0.00000,-0.00000,-0.00000,-0.00000, 0.12105, 0.00000, 0.99265, 0.29819,131.79158,2115.73204,2259.70683,-3.23554, 0.00000, 0.00000,
21.40000,7126.20000,-0.00000, 0.00000,-0.00000, 6.95287,-0.00000,333.00000, 6.95287,-0.00000,-0.00000,-0.00000,-0.00000, 0.12105, 0.00000, 0.99265, 0.29819,131.79158,2115.73204,2259.70683,-3.23554, 0.00000, 0.00000,
21.50000,7159.50000,-0.00000, 0.00000,-0.00000, 6.95287,-0.00000,333.00000, 6.95287,-0.00000,-0.00000,-0.00000,-0.00000, 0.12105, 0.00000, 0.99265, 0.29819,131.79158,2115.73204,2259.70683,-3.23554, 0.00000, 0.00000,
21.60000,7192.80000,-0.00000, 0.00000,-0.00000, 6.95287,-0.00000,333.00000, 6.95287,-0.00000,-0.00000,-0.00000,-0.00000, 0.12105, 0.00000, 0.99265, 0.29819,131.79158,2115.73204,2259.70683,-3.23554, 0.00000, 0.00000,
21.70000,7226.10000,-0.00000, 0.00000,-0.00000, 6.95287,-0.00000,333.00000, 6.95287,-0.00000,-0.00000,-0.00000,-0.00000, 0.12105, 0.00000, 0.99265, 0.29819,131.79158,2115.73204,2259.70683,-3.23554, 0.00000, 0.00000,
21.80000,7259.40000,-0.00000, 0.00000,-0.00000, 6.95287,-0.00000,333.00000, 6.95287,-0.00000,-0.00000,-0.00000,-0.00000, 0.12105, 0.00000, 0.99265, 0.29819,131.79158,2115.73204,2259.70683,-3.23554, 0.00000, 0.00000,
21.90000,7292.70000,-0.00001, 0.00000,-0.00000, 6.95287,-0.00000,333.00000, 6.95287,-0.00000,-0.00000,-0.00000,-0.00000, 0.12105, 0.00000, 0.99265, 0.29819,131.79158,2115.73204,2259.70683,-3.23554, 0.00000, 0.00000,
22.00000,7326.00000,-0.00001, 0.00000,-0.00000, 6.95287,-0.00000,333.00000, 6.95287,-0.00000,-0.00000,-0.00000,-0.00000, 0.12105, 0.00000, 0.99265, 0.29819,131.79158,2115.73204,2259.70683,-3.23554, 0.00000, 0.00000,
22.10000,7359.30000,-0.00001, 0.00000,-0.00000, 6.95287,-0.00000,333.00000, 6.95287,-0.00000,-0.00000,-0.00000,-0.00000, 0.12105, 0.00000, 0.99265, 0.29819,131.79158,2115.73204,2259.70683,-3.23554, 0.00000, 0.00000,
22.20000,7392.60000,-0.00001, 0.00000,-0.00000, 6.95287,-0.00000,333.00000, 6.95287,-0.00000,-0.00000,-0.00000,-0.00000, 0.12105, 0.00000, 0.99265, 0.29819,131.79158,2115.73204,2259.70683,-3.23554, 0.00000, 0.00000,
22.30000,7425.90000,-0.00001, 0.00000,-0.00000, 6.95287,-0.00000,333.00000, 6.95287,-0.00000,-0.00000,-0.00000,-0.00000, 0.12105, 0.00000, 0.99265, 0.29819,131.79158,2115.73204,2259.70683,-3.23554, 0.00000, 0.00000,
22.40000,7459.20000,-0.00001, 0.00000,-0.00000, 6.95287,-0.00000,333.00000, 6.95287,-0.00000,-0.00000,-0.00000,-0.00000, 0.12105, 0.00000, 0.99265, 0.29819,131.79158,2115.73204,2259.70683,-3.23554, 0.00000, 0.00000,
22.50000,7492.50000,-0.00001, 0.00000,-0.00000, 6.95287,-0.00000,333.00000, 6.95287,-0.00000,-0.00000,-0.00000,-0.00000, 0.12105, 0.00000, 0.99265, 0.29819,131.79158,2115.73204,2259.70683,-3.23554, 0.00000, 0.00000,
22.60000,7525.80000,-0.00001, 0.00000,-0.00000, 6.95287,-0.00000,333.00000, 6.95287,-0.00000,-0.00000,-0.00000,-0.00000, 0.12105, 0.00000, 0.99265, 0.29819,131.79158,2115.73204,2259.70683,-3.23554, 0.00000, 0.00000,
22.70000,7559.10000,-0.00001, 0.00000,-0.00000, 6.95287,-0.00000,333.00000, 6.95287,-0.00000,-0.00000,-0.00000,-0.00000, 0.12105, 0.00000, 0.99265, 0.29819,131.79158,2115.73204,2259.70683,-3.23554, 0.00000, 0.00000,
22.80000,7592.40000,-0.00001, 0.00000,-0.00000, 6.95287,-0.00000,333.00000, 6.95287,-0.00000,-0.00000,-0.00000,-0.00000, 0.12105, 0.00000, 0.99265, 0.29819,131.79158,2115.73204,2259.70683,-3.23554, 0.00000, 0.00000,
22.90000,7625.70000,-0.00001, 0.00000,-0.00000, 6.95287,-0.00000,333.00000, 6.95287,-0.00000,-0.00000,-0.00000,-0.00000, 0.12105, 0.00000, 0.99265, 0.29819,131.79158,2115.73204,2259.70683,-3.23554, 0.00000, 0.00000,
23.00000,7659.00000,-0.00001, 0.00000,-0.00000, 6.95287,-0.00000,333.00000, 6.95287,-0.00000,-0.00000,-0.00000,-0.00000, 0.12105, 0.00000, 0.99265, 0.29819,131.79158,2115.73204,2259.70683,-3.23554, 0.00000, 0.00000,
23.10000,7692.30000,-0.00001, 0.00000,-0.00000, 6.95287,-0.00000,333.00000, 6.95287,-0.00000,-0.00000,-0.00000,-0.00000, 0.12105, 0.00000, 0.99265, 0.29819,131.79158,2115.73204,2259.70683,-3.23554, 0.00000, 0.00000,
23.20000,7725.60000,-0.00001, 0.00000,-0.00000, 6.95287,-0.00000,333.00000, 6.95287,-0.00000,-0.00000,-0.00000,-0.00000, 0.12105, 0.00000, 0.99265, 0.29819,131.79158,2115.73204,2259.70683,-3.23554, 0.00000, 0.00000,
23.30000,7758.90000,-0.00001, 0.00000,-0.00000, 6.95287,-0.00000,333.00000, 6.95287,-0.00000,-0.00000,-0.00000,-0.00000, 0.12105, 0.00000, 0.99265, 0.29819,131.79158,2115.73204,2259.70683,-3.23554, 0.00000, 0.00000,
23.40000,7792.20000,-0.00001, 0.00000,-0.00000, 6.95287,-0.00000,333.00000, 6.95287,-0.00000,-0.00000,-0.00000,-0.00000, 0.12105, 0.00000, 0.99265, 0.29819,131.79158,2115.73204,2259.70683,-3.23554, 0.00000, 0.00000,
23.50000,7825.50000,-0.00001, 0.00000,-0.00000, 6.95287,-0.00000,333.00000, 6.95287,-0.00000,-0.00000,-0.00000,-0.00000, 0.12105, 0.00000, 0.99265, 0.29819,131.79158,2115.73204,2259.70683,-3.23554, 0.00000, 0.00000,
23.60000,7858.80000,-0.00001, 0.00000,-0.00000, 6.95287,-0.00000,333.00000, 6.95287,-0.00000,-0.00000,-0.00000,-0.00000, 0.12105, 0.00000, 0.99265, 0.29819,131.79158,2115.73204,2259.70683,-3.23554, 0.00000, 0.00000,
23.70000,7892.10000,-0.00001, 0.00000,-0.00000, 6.95287,-0.00000,333.00000, 6.95287,-0.00000,-0.00000,-0.00000,-0.00000, 0.12105, 0.00000, 0.99265, 0.29819,131.79158,2115.73204,2259.70683,-3.23554, 0.00000, 0.00000,
23.80000,7925.40000,-0.00001, 0.00000,-0.00000, 6.95287,-0.00000,333.00000, 6.95287,-0.00000,-0.00000,-0.00000,-0.00000, 0.12105, 0.00000, 0.99265, 0.29819,131.79158,2115.73204,2259.70683,-3.23554, 0.00000, 0.00000,
23.90000,7958.70000,-0.00001, 0.00000,-0.00000, 6.95287,-0.00000,333.00000, 6.95287,-0.00000,-0.00000,-0.00000,-0.00000, 0.12105, 0.00000, 0.99265, 0.29819,131.79158,2115.73204,2259.70683,-3.23554, 0.00000, 0.00000,
24.00000,7992.00000,-0.00001, 0.00000,-0.00000, 6.95287,-0.00000,333.00000, 6.95287,-0.00000,-0.00000,-0.00000,-0.00000, 0.12105, 0.00000, 0.99265, 0.29819,131.79158,2115.73204,2259.70683,-3.23554, 0.00000, 0.00000,
24.10000,8025.30000,-0.00001, 0.00000,-0.00000, 6.95287,-0.00000,333.00000, 6.95287,-0.00000,-0.00000,-0.00000,-0.00000, 0.12105, 0.00000, 0.99265, 0.29819,131.79158,2115.73204,2259.70683,-3.23554, 0.00000, 0.00000,
24.20000,8058.60000,-0.00001, 0.00000,-0.00000, 6.95287,-0.00000,333.00000, 6.95287,-0.00000,-0.00000,-0.00000,-0.00000, 0.12105, 0.00000, 0.99265, 0.29819,131.79158,2115.73204,2259.70683,-3.23554, 0.00000, 0.00000,
24.30000,8091.90000,-0.00001, 0.00000,-0.00000, 6.95287,-0.00000,333.00000, 6.95287,-0.00000,-0.00000,-0.00000,-0.00000, 0.12105, 0.00000, 0.99265, 0.29819,131.79158,2115.73204,2259.70683,-3.23554, 0.00000, 0.00000,
24.40000,8125.20000,-0.00001, 0.00000,-0.00000, 6.95287,-0.00000,333.00000, 6.95287,-0.00000,-0.00000,-0.00000,-0.00000, 0.12105, 0.00000, 0.99265, 0.29819,131.79158,2115.73204,2259.70683,-3.23554, 0.00000, 0.00000,
24.50000,8158.50000,-0.00001, 0.00000,-0.00000, 6.95287,-0.00000,333.00000, 6.95287,-0.00000,-0.00000,-0.00000,-0.00000, 0.12105, 0.00000, 0.99265, 0.29819,131.79158,2115.73204,2259.70683,-3.23554, 0.00000, 0.00000,
24.60000,8191.80000,-0.00001, 0.00000,-0.00000, 6.95287,-0.00000,333.00000, 6.95287,-0.00000,-0.00000,-0.00000,-0.00000, 0.12105, 0.00000, 0.99265, 0.29819,131.79158,2115.73204,2259.70683,-3.23554, 0.00000, 0.00000,
24.70000,8225.10000,-0.00001, 0.00000,-0.00000, 6.95287,-0.00000,333.00000, 6.95287,-0.00000,-0.00000,-0.00000,-0.00000, 0.12105, 0.00000, 0.99265, 0.29819,131.79158,2115.73204,2259.70683,-3.23554, 0.00000, 0.00000,
24.80000,8258.40000,-0.00001, 0.00000,-0.00000, 6.95287,-0.00000,333.00000, 6.95287,-0.00000,-0.00000,-0.00000,-0.00000, 0.12105, 0.00000, 0.99265, 0.29819,131.79158,2115.73204,2259.70683,-3.23554, 0.00000, 0.00000,
24.90000,8291.70000,-0.00001, 0.00000,-0.00000, 6.95287,-0.00000,333.00000, 6.95287,-0.00000,-0.00000,-0.00000,-0.00000, 0.12105, 0.00000, 0.99265, 0.29819,131.79158,2115.73204,2259.70683,-3.23554, 0.00000, 0.00000,
25.00000,8325.00000,-0.00001, 0.00000,-0.00000, 6.95287,-0.00000,333.00000, 6.95287,-0.00000,-0.00000,-0.00000,-0.00000, 0.12105, 0.00000, 0.99265, 0.29819,131.79158,2115.73204,2259.70683,-3.23554, 0.00000, 0.00000,
25.10000,8358.30000,-0.00001, 0.00000,-0.00000, 6.95287,-0.00000,333.00000, 6.95287,-0.00000,-0.00000,-0.00000,-0.00000, 0.12105, 0.00000, 0.99265, 0.29819,131.79158,2115.73204,2259.70683,-3.23554, 0.00000, 0.00000,
25.20000,8391.60000,-0.00001, 0.00000,-0.00000, 6.95287,-0.00000,333.00000, 6.95287,-0.00000,-0.00000,-0.00000,-0.00000, 0.12105, 0.00000, 0.99265, 0.29819,131.79158,2115.73204,2259.70683,-3.23554, 0.00000, 0.00000,
25.30000,8424.90000,-0.00001, 0.00000,-0.00000, 6.95287,-0.00000,333.00000, 6.95287,-0.00000,-0.00000,-0.00000,-0.00000, 0.12105, 0.00000, 0.99265, 0.29819,131.79158,2115.73204,2259.70683,-3.23554, 0.00000, 0.00000,
25.40000,8458.20000,-0.00001, 0.00000,-0.00000, 6.95287,-0.00000,333.00000, 6.95287,-0.00000,-0.00000,-0.00000,-0.00000, 0.12105, 0.00000, 0.99265, 0.29819,131.79158,2115.73204,2259.70683,-3.23554, 0.00000, 0.00000,
25.50000,8491.50000,-0.00001, 0.00000,-0.00000, 6.95287,-0.00000,333.00000, 6.95287,-0.00000,-0.00000,-0.00000,-0.00000, 0.12105, 0.00000, 0.99265, 0.29819,131.79158,2115.73204,2259.70683,-3.23554, 0.00000, 0.00000,
25.60000,8524.80000,-0.00001, 0.00000,-0.00000, 6.95287,-0.00000,333.00000, 6.95287,-0.00000,-0.00000,-0.00000,-0.00000, 0.12105, 0.00000, 0.99265, 0.29819,131.79158,2115.73204,2259.70683,-3.23554, 0.00000, 0.00000,
25.70000,8558.10000,-0.00001, 0.00000,-0.00000, 6.95287,-0.00000,333.00000, 6.95287,-0.00000,-0.00000,-0.00000,-0.00000, 0.12105, 0.00000, 0.99265, 0.29819,131.79158,2115.73204,2259.70683,-3.23554, 0.00000, 0.00000,
25.80000,8591.40000,-0.00001, 0.00000,-0.00000, 6.95287,-0.00000,333.00000, 6.95287,-0.00000,-0.00000,-0.00000,-0.00000, 0.12105, 0.00000, 0.99265, 0.29819,131.79158,2115.73204,2259.70683,-3.23554, 0.00000, 0.00000,
25.90000,8624.70000,-0.00001, 0.00000,-0.00000, 6.95287,-0.00000,333.00000, 6.95287,-0.00000,-0.00000,-0.00000,-0.00000, 0.12105, 0.00000, 0.99265, 0.29819,131.79158,2115.73204,2259.70683,-3.23554, 0.00000, 0.00000,
26.00000,8658.00000,-0.00001, 0.00000,-0.00000, 6.95287,-0.00000,333.00000, 6.95287,-0.00000,-0.00000,-0.00000,-0.00000, 0.12105, 0.00000, 0.99265, 0.29819,131.79158,2115.73204,2259.70683,-3.23554, 0.00000, 0.00000,
26.10000,8691.30000,-0.00001, 0.00000,-0.00000, 6.95287,-0.00000,333.00000, 6.95287,-0.00000,-0.00000,-0.00000,-0.00000, 0.12105, 0.00000, 0.99265, 0.29819,131.79158,2115.73204,2259.70683,-3.23554, 0.00000, 0.00000,
26.20000,8724.60000,-0.00001, 0.00000,-0.00000, 6.95287,-0.00000,333.00000, 6.95287,-0.00000,-0.00000,-0.00000,-0.00000, 0.12105, 0.00000, 0.99265, 0.29819,131.79158,2115.73204,2259.70683,-3.23554, 0.00000, 0.00000,
26.30000,8757.90000,-0.00001, 0.00000,-0.00000, 6.95287,-0.00000,333.00000, 6.95287,-0.00000,-0.00000,-0.00000,-0.00000, 0.12105, 0.00000, 0.99265, 0.29819,131.79158,2115.73204,2259.70683,-3.23554, 0.00000, 0.00000,
26.40000,8791.20000,-0.00001, 0.00000,-0.00000, 6.95287,-0.00000,333.00000, 6.95287,-0.00000,-0.00000,-0.00000,-0.00000, 0.12105, 0.00000, 0.99265, 0.29819,131.79158,2115.73204,2259.70683,-3.23554, 0.00000, 0.00000,
26.50000,8824.50000,-0.00001, 0.00000,-0.00000, 6.95287,-0.00000,333.00000, 6.95287,-0.00000,-0.00000,-0.00000,-0.00000, 0.12105, 0.00000, 0.99265, 0.29819,131.79158,2115.73204,2259.70683,-3.23554, 0.00000, 0.00000,
26.60000,8857.80000,-0.00001, 0.00000,-0.00000, 6.95287,-0.00000,333.00000, 6.95287,-0.00000,-0.00000,-0.00000,-0.00000, 0.12105, 0.00000, 0.99265, 0.29819,131.79158,2115.73204,2259.70683,-3.23554, 0.00000, 0.00000,
26.70000,8891.10000,-0.00001, 0.00000,-0.00000, 6.95287,-0.00000,333.00000, 6.95287,-0.00000,-0.00000,-0.00000,-0.00000, 0.12105, 0.00000, 0.99265, 0.29819,131.79158,2115.73204,2259.70683,-3.23554, 0.00000, 0.00000,
26.80000,8924.40000,-0.00001, 0.00000,-0.00000, 6.95287,-0.00000,333.00000, 6.95287,-0.00000,-0.00000,-0.00000,-0.00000, 0.12105, 0.00000, 0.99265, 0.29819,131.79158,2115.73204,2259.70683,-3.23554, 0.00000, 0.00000,
26.90000,8957.70000,-0.00001, 0.00000,-0.00000, 6.95287,-0.00000,333.00000, 6.95287,-0.00000,-0.00000,-0.00000,-0.00000, 0.12105, 0.00000, 0.99265, 0.29819,131.79158,2115.73204,2259.70683,-3.23554, 0.00000, 0.00000,
27.00000,8991.00000,-0.00001, 0.00000,-0.00000, 6.95287,-0.00000,333.00000, 6.95287,-0.00000,-0.00000,-0.00000,-0.00000, 0.12105, 0.00000, 0.99265, 0.29819,131.79158,2115.73204,2259.70683,-3.23554, 0.00000, 0.00000,
27.10000,9024.30000,-0.00001, 0.00000,-0.00000, 6.95287,-0.00000,333.00000, 6.95287,-0.00000,-0.00000,-0.00000,-0.00000, 0.12105, 0.00000, 0.99265, 0.29819,131.79158,2115.73204,2259.70683,-3.23554, 0.00000, 0.00000,
27.20000,9057.60000,-0.00001, 0.00000,-0.00000, 6.95287,-0.00000,333.00000, 6.95287,-0.00000,-0.00000,-0.00000,-0.00000, 0.12105, 0.00000, 0.99265, 0.29819,131.79158,2115.73204,2259.70683,-3.23554, 0.00000, 0.00000,
27.30000,9090.90000,-0.00001, 0.00000,-0.00000, 6.95287,-0.00000,333.00000, 6.95287,-0.00000,-0.00000,-0.00000,-0.00000, 0.12105, 0.00000, 0.99265, 0.29819,131.79158,2115.73204,2259.70683,-3.23554, 0.00000, 0.00000,
27.40000,9124.20000,-0.00001, 0.00000,-0.00000, 6.95287,-0.00000,333.00000, 6.95287,-0.00000,-0.00000,-0.00000,-0.00000, 0.12105, 0.00000, 0.99265, 0.29819,131.79158,2115.73204,2259.70683,-3.23554, 0.00000, 0.00000,
27.50000,9157.50000,-0.00001, 0.00000,-0.00000, 6.95287,-0.00000,333.00000, 6.95287,-0.00000,-0.00000,-0.00000,-0.00000, 0.12105, 0.00000, 0.99265, 0.29819,131.79158,2115.73204,2259.70683,-3.23554, 0.00000, 0.00000,
27.60000,9190.80000,-0.00001, 0.00000,-0.00000, 6.95287,-0.00000,333.00000, 6.95287,-0.00000,-0.00000,-0.00000,-0.00000, 0.12105, 0.00000, 0.99265, 0.29819,131.79158,2115.73204,2259.70683,-3.23554, 0.00000, 0.00000,
27.70000,9224.10000,-0.00001, 0.00000,-0.00000, 6.95287,-0.00000,333.00000, 6.95287,-0.00000,-0.00000,-0.00000,-0.00000, 0.12105, 0.00000, 0.99265, 0.29819,131.79158,2115.73204,2259.70683,-3.23554, 0.00000, 0.00000,
27.80000,9257.40000,-0.00001, 0.00000,-0.00000, 6.95287,-0.00000,333.00000, 6.95287,-0.00000,-0.00000,-0.00000,-0.00000, 0.12105, 0.00000, 0.99265, 0.29819,131.79158,2115.73204,2259.70683,-3.23554, 0.00000, 0.00000,
27.90000,9290.70000,-0.00001, 0.00000,-0.00000, 6.95287,-0.00000,333.00000, 6.95287,-0.00000,-0.00000,-0.00000,-0.00000, 0.12105, 0.00000, 0.99265, 0.29819,131.79158,2115.73204,2259.70683,-3.23554, 0.00000, 0.00000,
28.00000,9324.00000,-0.00001, 0.00000,-0.00000, 6.95287,-0.00000,333.00000, 6.95287,-0.00000,-0.00000,-0.00000,-0.00000, 0.12105, 0.00000, 0.99265, 0.29819,131.79158,2115.73204,2259.70683,-3.23554, 0.00000, 0.00000,
28.10000,9357.30000,-0.00001, 0.00000,-0.00000, 6.95287,-0.00000,333.00000, 6.95287,-0.00000,-0.00000,-0.00000,-0.00000, 0.12105, 0.00000, 0.99265, 0.29819,131.79158,2115.73204,2259.70683,-3.23554, 0.00000, 0.00000,
28.20000,9390.60000,-0.00001, 0.00000,-0.00000, 6.95287,-0.00000,333.00000, 6.95287,-0.00000,-0.00000,-0.00000,-0.00000, 0.12105, 0.00000, 0.99265, 0.29819,131.79158,2115.73204,2259.70683,-3.23554, 0.00000, 0.00000,
28.30000,9423.90000,-0.00001, 0.00000,-0.00000, 6.95287,-0.00000,333.00000, 6.95287,-0.00000,-0.00000,-0.00000,-0.00000, 0.12105, 0.00000, 0.99265, 0.29819,131.79158,2115.73204,2259.70683,-3.23554, 0.00000, 0.00000,
28.40000,9457.20000,-0.00001, 0.00000,-0.00000, 6.95287,-0.00000,333.00000, 6.95287,-0.00000,-0.00000,-0.00000,-0.00000, 0.12105, 0.00000, 0.99265, 0.29819,131.79158,2115.73204,2259.70683,-3.23554, 0.00000, 0.00000,
28.50000,9490.50000,-0.00001, 0.00000,-0.00000, 6.95287,-0.00000,333.00000, 6.95287,-0.00000,-0.00000,-0.00000,-0.00000, 0.12105, 0.00000, 0.99265, 0.29819,131.79158,2115.73204,2259.70683,-3.23554, 0.00000, 0.00000,
28.60000,9523.80000,-0.00001, 0.00000,-0.00000, 6.95287,-0.00000,333.00000, 6.95287,-0.00000,-0.00000,-0.00000,-0.00000, 0.12105, 0.00000, 0.99265, 0.29819,131.79158,2115.73204,2259.70683,-3.23554, 0.00000, 0.00000,
28.70000,9557.10000,-0.00001, 0.00000,-0.00000, 6.95287,-0.00000,333.00000, 6.95287,-0.00000,-0.00000,-0.00000,-0.00000, 0.12105, 0.00000, 0.99265, 0.29819,131.79158,2115.73204,2259.70683,-3.23554, 0.00000, 0.00000,
28.80000,9590.40000,-0.00001, 0.00000,-0.00000, 6.95287,-0.00000,333.00000, 6.95287,-0.00000,-0.00000,-0.00000,-0.00000, 0.12105, 0.00000, 0.99265, 0.29819,131.79158,2115.73204,2259.70683,-3.23554, 0.00000, 0.00000,
28.90000,9623.70000,-0.00001, 0.00000,-0.00000, 6.95287,-0.00000,333.00000, 6.95287,-0.00000,-0.00000,-0.00000,-0.00000, 0.12105, 0.00000, 0.99265, 0.29819,131.79158,2115.73204,2259.70683,-3.23554, 0.00000, 0.00000,
29.00000,9657.00000,-0.00001, 0.00000,-0.00000, 6.95287,-0.00000,333.00000, 6.95287,-0.00000,-0.00000,-0.00000,-0.00000, 0.12105, 0.00000, 0.99265, 0.29819,131.79158,2115.73204,2259.70683,-3.23554, 0.00000, 0.00000,
29.10000,9690.30000,-0.00001, 0.00000,-0.00000, 6.95287,-0.00000,333.00000, 6.95287,-0.00000,-0.00000,-0.00000,-0.00000, 0.12105, 0.00000, 0.99265, 0.29819,131.79158,2115.73204,2259.70683,-3.23554, 0.00000, 0.00000,
29.20000,9723.60000,-0.00001, 0.00000,-0.00000, 6.95287,-0.00000,333.00000, 6.95287,-0.00000,-0.00000,-0.00000,-0.00000, 0.12105, 0.00000, 0.99265, 0.29819,131.79158,2115.73204,2259.70683,-3.23554, 0.00000, 0.00000,
29.30000,9756.90000,-0.00001, 0.00000,-0.00000, 6.95287,-0.00000,333.00000, 6.95287,-0.00000,-0.00000,-0.00000,-0.00000, 0.12105, 0.00000, 0.99265, 0.29819,131.79158,2115.73204,2259.70683,-3.23554, 0.00000, 0.00000,
29.40000,9790.20000,-0.00001, 0.00000,-0.00000, 6.95287,-0.00000,333.00000, 6.95287,-0.00000,-0.00000,-0.00000,-0.00000, 0.12105, 0.00000, 0.99265, 0.29819,131.79158,2115.73204,2259.70683,-3.23554, 0.00000, 0.00000,
29.50000,9823.50000,-0.00001, 0.00000,-0.00000, 6.95287,-0.00000,333.00000, 6.95287,-0.00000,-0.00000,-0.00000,-0.00000, 0.12105, 0.00000, 0.99265, 0.29819,131.79158,2115.73204,2259.70683,-3.23554, 0.00000, 0.00000,
29.60000,9856.80000,-0.00001, 0.00000,-0.00000, 6.95287,-0.00000,333.00000, 6.95287,-0.00000,-0.00000,-0.00000,-0.00000, 0.12105, 0.00000, 0.99265, 0.29819,131.79158,2115.73204,2259.70683,-3.23554, 0.00000, 0.00000,
29.70000,9890.10000,-0.00001, 0.00000,-0.00000, 6.95287,-0.00000,333.00000, 6.95287,-0.00000,-0.00000,-0.00000,-0.00000, 0.12105, 0.00000, 0.99265, 0.29819,131.79158,2115.73204,2259.70683,-3.23554, 0.00000, 0.00000,
29.80000,9923.40000,-0.00001, 0.00000,-0.00000, 6.95287,-0.00000,333.00000, 6.95287,-0.00000,-0.00000,-0.00000,-0.00000, 0.12105, 0.00000, 0.99265, 0.29819,131.79158,2115.73204,2259.70683,-3.23554, 0.00000, 0.00000,
29.90000,9956.70000,-0.00001, 0.00000,-0.00000, 6.95287,-0.00000,333.00000, 6.95287,-0.00000,-0.00000,-0.00000,-0.00000, 0.12105, 0.00000, 0.99265, 0.29819,131.79158,2115.73204,2259.70683,-3.23554, 0.00000, 0.00000,
30.00000,9990.00000,-0.00001, 0.00000,-0.00000, 6.95287,-0.00000,333.00000, 6.95287,-0.00000,-0.00000,-0.00000,-0.00000, 0.12105, 0.00000, 0.99265, 0.29819,131.79158,2115.73204,2259.70683,-3.23554, 0.00000, 0.00000,
