
time,npos,epos,alt,phi,theta,psi,vel,alpha,beta,p,q,r,nx,ny,nz,mach,qbar,ps,

 0.00000, 0.00000, 0.00000,10000.00000, 0.00000, 8.81163, 0.00000,350.00000, 8.81163, 0.00000, 0.00000, 0.00000, 0.00000, 0.15319,-0.00000, 0.98820, 0.32505,107.66501,1454.59743,2549.74072,-3.84656,-0.00000,-0.00000,
 0.10000,35.00000,-0.00000,10000.00000, 0.00000, 8.81163, 0.00000,350.00000, 8.81163,-0.00000, 0.00000,-0.00000, 0.00000, 0.15319,-0.00000, 0.98820, 0.32505,107.66501,1454.59743,2549.74072,-3.84656,-0.00000,-0.00000,
 0.20000,70.00000,-0.00000,10000.00000, 0.00000, 8.81163, 0.00000,350.00000, 8.81163,-0.00000, 0.00000,-0.00000, 0.00000, 0.15319,-0.00000, 0.98820, 0.32505,107.66501,1454.59743,2549.74072,-3.84656,-0.00000,-0.00000,
 0.30000,105.00000,-0.00000,10000.00000, 0.00000, 8.81163, 0.00000,350.00000, 8.81163,-0.00000, 0.00000,-0.00000, 0.00000, 0.15319,-0.00000, 0.98820, 0.32505,107.66501,1454.59743,2549.74072,-3.84656,-0.00000,-0.00000,
 0.40000,140.00000,-0.00000,10000.00000, 0.00000, 8.81163, 0.00000,350.00000, 8.81163,-0.00000, 0.00000,-0.00000, 0.00000, 0.15319,-0.00000, 0.98820, 0.32505,107.66501,1454.59743,2549.74072,-3.84656,-0.00000,-0.00000,
 0.50000,175.00000,-0.00000,10000.00000, 0.00000, 8.81163, 0.00000,350.00000, 8.81163,-0.00000, 0.00000,-0.00000, 0.00000, 0.15319, 0.00000, 0.98820, 0.32505,107.66501,1454.59743,2549.74072,-3.84656,-0.00000,-0.00000,
 0.60000,210.00000,-0.00000,10000.00000, 0.00000, 8.81163, 0.00000,350.00000, 8.81163,-0.00000, 0.00000,-0.00000, 0.00000, 0.15319, 0.00000, 0.98820, 0.32505,107.66501,1454.59743,2549.74072,-3.84656,-0.00000,-0.00000,
 0.70000,245.00000,-0.00000,10000.00000, 0.00000, 8.81163, 0.00000,350.00000, 8.81163,-0.00000, 0.00000,-0.00000, 0.00000, 0.15319, 0.00000, 0.98820, 0.32505,107.66501,1454.59743,2549.74072,-3.84656,-0.00000,-0.00000,
 0.80000,280.00000,-0.00000,10000.00000, 0.00000, 8.81163, 0.00000,350.00000, 8.81163,-0.00000, 0.00000,-0.00000, 0.00000, 0.15319, 0.00000, 0.98820, 0.32505,107.66501,1454.59743,2549.74072,-3.84656,-0.00000,-0.00000,
 0.90000,315.00000, 0.00000,10000.00000, 0.00000, 8.81163, 0.00000,350.00000, 8.81163,-0.00000, 0.00000,-0.00000, 0.00000, 0.15319, 0.00000, 0.98820, 0.32505,107.66501,1454.59743,2549.74072,-3.84656,-0.00000,-0.00000,
 1.00000,350.00000, 0.00000,10000.00000, 0.00000, 8.81163, 0.00000,350.00000, 8.81163,-0.00000, 0.00000,-0.00000, 0.00000, 0.15319, 0.00000, 0.98820, 0.32505,107.66501,1454.59743,2549.74072,-3.84656,-0.00000,-0.00000,
 1.10000,385.00000, 0.00000,10000.00000, 0.00000, 8.81163, 0.00000,350.00000, 8.81163,-0.00000, 0.00000,-0.00000, 0.00000, 0.15319, 0.00000, 0.98820, 0.32505,107.66501,1454.59743,2549.74072,-3.84656,-0.00000,-0.00000,
 1.20000,420.00000, 0.00000,10000.00000, 0.00000, 8.81163, 0.00000,350.00000, 8.81163,-0.00000, 0.00000,-0.00000, 0.00000, 0.15319, 0.00000, 0.98820, 0.32505,107.66501,1454.59743,2549.74072,-3.84656,-0.00000,-0.00000,
 1.30000,455.00000, 0.00000,10000.00000, 0.00000, 8.81163, 0.00000,350.00000, 8.81163,-0.00000, 0.00000,-0.00000, 0.00000, 0.15319, 0.00000, 0.98820, 0.32505,107.66501,1454.59743,2549.74072,-3.84656,-0.00000,-0.00000,
 1.40000,490.00000, 0.00000,10000.00000, 0.00000, 8.81163, 0.00000,350.00000, 8.81163,-0.00000, 0.00000,-0.00000, 0.00000, 0.15319, 0.00000, 0.98820, 0.32505,107.66501,1454.59743,2549.74072,-3.84656,-0.00000,-0.00000,
 1.50000,525.00000, 0.00000,10000.00000, 0.00000, 8.81163, 0.00000,350.00000, 8.81163,-0.00000, 0.00000,-0.00000, 0.00000, 0.15319, 0.00000, 0.98820, 0.32505,107.66501,1454.59743,2549.74072,-3.84656,-0.00000,-0.00000,
 1.60000,560.00000, 0.00000,10000.00000, 0.00000, 8.81163, 0.00000,350.00000, 8.81163,-0.00000, 0.00000,-0.00000, 0.00000, 0.15319, 0.00000, 0.98820, 0.32505,107.66501,1454.59743,2549.74072,-3.84656,-0.00000,-0.00000,
 1.70000,595.00000, 0.00000,10000.00000, 0.00000, 8.81163, 0.00000,350.00000, 8.81163,-0.00000, 0.00000,-0.00000, 0.00000, 0.15319, 0.00000, 0.98820, 0.32505,107.66501,1454.59743,2549.74072,-3.84656,-0.00000,-0.00000,
 1.80000,630.00000, 0.00000,10000.00000, 0.00000, 8.81163, 0.00000,350.00000, 8.81163,-0.00000, 0.00000,-0.00000, 0.00000, 0.15319, 0.00000, 0.98820, 0.32505,107.66501,1454.59743,2549.74072,-3.84656,-0.00000,-0.00000,
 1.90000,665.00000, 0.00000,10000.00000, 0.00000, 8.81163, 0.00000,350.00000, 8.81163,-0.00000, 0.00000,-0.00000, 0.00000, 0.15319, 0.00000, 0.98820, 0.32505,107.66501,1454.59743,2549.74072,-3.84656,-0.00000,-0.00000,
 2.00000,700.00000, 0.00000,10000.00000, 0.00000, 8.81163, 0.00000,350.00000, 8.81163,-0.00000, 0.00000,-0.00000, 0.00000, 0.15319, 0.00000, 0.98820, 0.32505,107.66501,1454.59743,2549.74072,-3.84656,-0.00000,-0.00000,
 2.10000,735.00000, 0.00000,10000.00000, 0.00000, 8.81163, 0.00000,350.00000, 8.81163,-0.00000, 0.00000,-0.00000, 0.00000, 0.15319, 0.00000, 0.98820, 0.32505,107.66501,1454.59743,2549.74072,-3.84656,-0.00000,-0.00000,
 2.20000,770.00000, 0.00000,10000.00000, 0.00000, 8.81163, 0.00000,350.00000, 8.81163,-0.00000, 0.00000,-0.00000, 0.00000, 0.15319, 0.00000, 0.98820, 0.32505,107.66501,1454.59743,2549.74072,-3.84656,-0.00000,-0.00000,
 2.30000,805.00000, 0.00000,10000.00000, 0.00000, 8.81163, 0.00000,350.00000, 8.81163,-0.00000, 0.00000,-0.00000, 0.00000, 0.15319, 0.00000, 0.98820, 0.32505,107.66501,1454.59743,2549.74072,-3.84656,-0.00000,-0.00000,
 2.40000,840.00000, 0.00000,10000.00000, 0.00000, 8.81163, 0.00000,350.00000, 8.81163,-0.00000, 0.00000,-0.00000, 0.00000, 0.15319, 0.00000, 0.98820, 0.32505,107.66501,1454.59743,2549.74072,-3.84656,-0.00000,-0.00000,
 2.50000,875.00000, 0.00000,10000.00000, 0.00000, 8.81163, 0.00000,350.00000, 8.81163,-0.00000, 0.00000,-0.00000, 0.00000, 0.15319, 0.00000, 0.98820, 0.32505,107.66501,1454.59743,2549.74072,-3.84656,-0.00000,-0.00000,
 2.60000,910.00000, 0.00000,10000.00000, 0.00000, 8.81163, 0.00000,350.00000, 8.81163,-0.00000, 0.00000,-0.00000, 0.00000, 0.15319, 0.00000, 0.98820, 0.32505,107.66501,1454.59743,2549.74072,-3.84656,-0.00000,-0.00000,
 2.70000,945.00000, 0.00000,10000.00000, 0.00000, 8.81163, 0.00000,350.00000, 8.81163,-0.00000, 0.00000,-0.00000, 0.00000, 0.15319, 0.00000, 0.98820, 0.32505,107.66501,1454.59743,2549.74072,-3.84656,-0.00000,-0.00000,
 2.80000,980.00000, 0.00000,10000.00000, 0.00000, 8.81163, 0.00000,350.00000, 8.81163,-0.00000, 0.00000,-0.00000, 0.00000, 0.15319, 0.00000, 0.98820, 0.32505,107.66501,1454.59743,2549.74072,-3.84656,-0.00000,-0.00000,
 2.90000,1015.00000, 0.00000,10000.00000, 0.00000, 8.81163, 0.00000,350.00000, 8.81163,-0.00000, 0.00000,-0.00000, 0.00000, 0.15319, 0.00000, 0.98820, 0.32505,107.66501,1454.59743,2549.74072,-3.84656,-0.00000,-0.00000,
 3.00000,1050.00000, 0.00000,10000.00000, 0.00000, 8.81163, 0.00000,350.00000, 8.81163,-0.00000, 0.00000,-0.00000, 0.00000, 0.15319, 0.00000, 0.98820, 0.32505,107.66501,1454.59743,2549.74072,-3.84656,-0.00000,-0.00000,
 3.10000,1085.00000, 0.00000,10000.00000, 0.00000, 8.81163, 0.00000,350.00000, 8.81163,-0.00000, 0.00000,-0.00000, 0.00000, 0.15319, 0.00000, 0.98820, 0.32505,107.66501,1454.59743,2549.74072,-3.84656,-0.00000,-0.00000,
 3.20000,1120.00000, 0.00000,10000.00000, 0.00000, 8.81163, 0.00000,350.00000, 8.81163,-0.00000, 0.00000,-0.00000, 0.00000, 0.15319, 0.00000, 0.98820, 0.32505,107.66501,1454.59743,2549.74072,-3.84656,-0.00000,-0.00000,
 3.30000,1155.00000, 0.00000,10000.00000, 0.00000, 8.81163, 0.00000,350.00000, 8.81163,-0.00000, 0.00000,-0.00000, 0.00000, 0.15319, 0.00000, 0.98820, 0.32505,107.66501,1454.59743,2549.74072,-3.84656,-0.00000,-0.00000,
 3.40000,1190.00000, 0.00000,10000.00000, 0.00000, 8.81163, 0.00000,350.00000, 8.81163,-0.00000, 0.00000,-0.00000, 0.00000, 0.15319, 0.00000, 0.98820, 0.32505,107.66501,1454.59743,2549.74072,-3.84656,-0.00000,-0.00000,
 3.50000,1225.00000, 0.00000,10000.00000, 0.00000, 8.81163, 0.00000,350.00000, 8.81163,-0.00000, 0.00000,-0.00000, 0.00000, 0.15319, 0.00000, 0.98820, 0.32505,107.66501,1454.59743,2549.74072,-3.84656,-0.00000,-0.00000,
 3.60000,1260.00000, 0.00000,10000.00000, 0.00000, 8.81163, 0.00000,350.00000, 8.81163,-0.00000, 0.00000,-0.00000, 0.00000, 0.15319, 0.00000, 0.98820, 0.32505,107.66501,1454.59743,2549.74072,-3.84656,-0.00000,-0.00000,
 3.70000,1295.00000, 0.00000,10000.00000, 0.00000, 8.81163, 0.00000,350.00000, 8.81163,-0.00000, 0.00000,-0.00000, 0.00000, 0.15319, 0.00000, 0.98820, 0.32505,107.66501,1454.59743,2549.74072,-3.84656,-0.00000,-0.00000,
 3.80000,1330.00000, 0.00000,10000.00000, 0.00000, 8.81163, 0.00000,350.00000, 8.81163,-0.00000, 0.00000,-0.00000, 0.00000, 0.15319, 0.00000, 0.98820, 0.32505,107.66501,1454.59743,2549.74072,-3.84656,-0.00000,-0.00000,
 3.90000,1365.00000, 0.00000,10000.00000, 0.00000, 8.81163, 0.00000,350.00000, 8.81163,-0.00000, 0.00000,-0.00000, 0.00000, 0.15319, 0.00000, 0.98820, 0.32505,107.66501,1454.59743,2549.74072,-3.84656,-0.00000,-0.00000,
 4.00000,1400.00000, 0.00000,10000.00000, 0.00000, 8.81163, 0.00000,350.00000, 8.81163,-0.00000, 0.00000,-0.00000, 0.00000, 0.15319, 0.00000, 0.98820, 0.32505,107.66501,1454.59743,2549.74072,-3.84656,-0.00000,-0.00000,
 4.10000,1435.00000, 0.00000,10000.00000, 0.00000, 8.81163, 0.00000,350.00000, 8.81163,-0.00000, 0.00000,-0.00000, 0.00000, 0.15319, 0.00000, 0.98820, 0.32505,107.66501,1454.59743,2549.74072,-3.84656,-0.00000,-0.00000,
 4.20000,1470.00000, 0.00000,10000.00000, 0.00000, 8.81163, 0.00000,350.00000, 8.81163,-0.00000, 0.00000,-0.00000, 0.00000, 0.15319, 0.00000, 0.98820, 0.32505,107.66501,1454.59743,2549.74072,-3.84656,-0.00000,-0.00000,
 4.30000,1505.00000, 0.00000,10000.00000, 0.00000, 8.81163, 0.00000,350.00000, 8.81163,-0.00000, 0.00000,-0.00000, 0.00000, 0.15319, 0.00000, 0.98820, 0.32505,107.66501,1454.59743,2549.74072,-3.84656,-0.00000,-0.00000,
 4.40000,1540.00000, 0.00000,10000.00000, 0.00000, 8.81163, 0.00000,350.00000, 8.81163,-0.00000, 0.00000,-0.00000, 0.00000, 0.15319, 0.00000, 0.98820, 0.32505,107.66501,1454.59743,2549.74072,-3.84656,-0.00000,-0.00000,
 4.50000,1575.00000, 0.00000,10000.00000, 0.00000, 8.81163, 0.00000,350.00000, 8.81163,-0.00000, 0.00000,-0.00000, 0.00000, 0.15319, 0.00000, 0.98820, 0.32505,107.66501,1454.59743,2549.74072,-3.84656,-0.00000,-0.00000,
 4.60000,1610.00000, 0.00000,10000.00000, 0.00000, 8.81163, 0.00000,350.00000, 8.81163,-0.00000, 0.00000,-0.00000, 0.00000, 0.15319, 0.00000, 0.98820, 0.32505,107.66501,1454.59743,2549.74072,-3.84656,-0.00000,-0.00000,
 4.70000,1645.00000, 0.00000,10000.00000, 0.00000, 8.81163, 0.00000,350.00000, 8.81163,-0.00000, 0.00000,-0.00000, 0.00000, 0.15319, 0.00000, 0.98820, 0.32505,107.66501,1454.59743,2549.74072,-3.84656,-0.00000,-0.00000,
 4.80000,1680.00000, 0.00000,10000.00000, 0.00000, 8.81163, 0.00000,350.00000, 8.81163,-0.00000, 0.00000,-0.00000, 0.00000, 0.15319, 0.00000, 0.98820, 0.32505,107.66501,1454.59743,2549.74072,-3.84656,-0.00000,-0.00000,
 4.90000,1715.00000, 0.00000,10000.00000, 0.00000, 8.81163, 0.00000,350.00000, 8.81163,-0.00000, 0.00000,-0.00000, 0.00000, 0.15319, 0.00000, 0.98820, 0.32505,107.66501,1454.59743,2549.74072,-3.84656,-0.00000,-0.00000,
 5.00000,1750.00000, 0.00000,10000.00000, 0.00000, 8.81163, 0.00000,350.00000, 8.81163,-0.00000, 0.00000,-0.00000, 0.00000, 0.15319, 0.00000, 0.98820, 0.32505,107.66501,1454.59743,2549.74072,-3.84656,-0.00000,-0.00000,
 5.10000,1785.00000, 0.00000,10000.00000, 0.00000, 8.81163, 0.00000,350.00000, 8.81163,-0.00000, 0.00000,-0.00000, 0.00000, 0.15319, 0.00000, 0.98820, 0.32505,107.66501,1454.59743,2549.74072,-3.84656,-0.00000,-0.00000,
 5.20000,1820.00000, 0.00000,10000.00000, 0.00000, 8.81163, 0.00000,350.00000, 8.81163,-0.00000, 0.00000,-0.00000, 0.00000, 0.15319, 0.00000, 0.98820, 0.32505,107.66501,1454.59743,2549.74072,-3.84656,-0.00000,-0.00000,
 5.30000,1855.00000, 0.00000,10000.00000, 0.00000, 8.81163, 0.00000,350.00000, 8.81163,-0.00000, 0.00000,-0.00000, 0.00000, 0.15319, 0.00000, 0.98820, 0.32505,107.66501,1454.59743,2549.74072,-3.84656,-0.00000,-0.00000,
 5.40000,1890.00000, 0.00000,10000.00000, 0.00000, 8.81163, 0.00000,350.00000, 8.81163,-0.00000, 0.00000,-0.00000, 0.00000, 0.15319, 0.00000, 0.98820, 0.32505,107.66501,1454.59743,2549.74072,-3.84656,-0.00000,-0.00000,
 5.50000,1925.00000, 0.00000,10000.00000, 0.00000, 8.81163, 0.00000,350.00000, 8.81163,-0.00000, 0.00000,-0.00000, 0.00000, 0.15319, 0.00000, 0.98820, 0.32505,107.66501,1454.59743,2549.74072,-3.84656,-0.00000,-0.00000,
 5.60000,1960.00000, 0.00000,10000.00000, 0.00000, 8.81163, 0.00000,350.00000, 8.81163,-0.00000, 0.00000,-0.00000, 0.00000, 0.15319, 0.00000, 0.98820, 0.32505,107.66501,1454.59743,2549.74072,-3.84656,-0.00000,-0.00000,
 5.70000,1995.00000, 0.00000,10000.00000, 0.00000, 8.81163, 0.00000,350.00000, 8.81163,-0.00000, 0.00000,-0.00000, 0.00000, 0.15319, 0.00000, 0.98820, 0.32505,107.66501,1454.59743,2549.74072,-3.84656,-0.00000,-0.00000,
 5.80000,2030.00000, 0.00000,10000.00000, 0.00000, 8.81163, 0.00000,350.00000, 8.81163,-0.00000, 0.00000,-0.00000, 0.00000, 0.15319, 0.00000, 0.98820, 0.32505,107.66501,1454.59743,2549.74072,-3.84656,-0.00000,-0.00000,
 5.90000,2065.00000, 0.00000,10000.00000, 0.00000, 8.81163, 0.00000,350.00000, 8.81163,-0.00000, 0.00000,-0.00000, 0.00000, 0.15319, 0.00000, 0.98820, 0.32505,107.66501,1454.59743,2549.74072,-3.84656,-0.00000,-0.00000,
 6.00000,2100.00000, 0.00000,10000.00000, 0.00000, 8.81163, 0.00000,350.00000, 8.81163,-0.00000, 0.00000,-0.00000, 0.00000, 0.15319, 0.00000, 0.98820, 0.32505,107.66501,1454.59743,2549.74072,-3.84656,-0.00000,-0.00000,
 6.10000,2135.00000, 0.00000,10000.00000, 0.00000, 8.81163, 0.00000,350.00000, 8.81163,-0.00000, 0.00000,-0.00000, 0.00000, 0.15319, 0.00000, 0.98820, 0.32505,107.66501,1454.59743,2549.74072,-3.84656,-0.00000,-0.00000,
 6.20000,2170.00000, 0.00000,10000.00000, 0.00000, 8.81163, 0.00000,350.00000, 8.81163,-0.00000, 0.00000,-0.00000, 0.00000, 0.15319, 0.00000, 0.98820, 0.32505,107.66501,1454.59743,2549.74072,-3.84656,-0.00000,-0.00000,
 6.30000,2205.00000, 0.00000,10000.00000, 0.00000, 8.81163, 0.00000,350.00000, 8.81163,-0.00000, 0.00000,-0.00000, 0.00000, 0.15319, 0.00000, 0.98820, 0.32505,107.66501,1454.59743,2549.74072,-3.84656,-0.00000,-0.00000,
 6.40000,2240.00000, 0.00000,10000.00000, 0.00000, 8.81163, 0.00000,350.00000, 8.81163,-0.00000, 0.00000,-0.00000, 0.00000, 0.15319, 0.00000, 0.98820, 0.32505,107.66501,1454.59743,2549.74072,-3.84656,-0.00000,-0.00000,
 6.50000,2275.00000, 0.00000,10000.00000, 0.00000, 8.81163, 0.00000,350.00000, 8.81163,-0.00000, 0.00000,-0.00000, 0.00000, 0.15319, 0.00000, 0.98820, 0.32505,107.66501,1454.59743,2549.74072,-3.84656,-0.00000,-0.00000,
 6.60000,2310.00000, 0.00000,10000.00000, 0.00000, 8.81163, 0.00000,350.00000, 8.81163,-0.00000, 0.00000,-0.00000, 0.00000, 0.15319, 0.00000, 0.98820, 0.32505,107.66501,1454.59743,2549.74072,-3.84656,-0.00000,-0.00000,
 6.70000,2345.00000, 0.00000,10000.00000, 0.00000, 8.81163, 0.00000,350.00000, 8.81163,-0.00000, 0.00000,-0.00000, 0.00000, 0.15319, 0.00000, 0.98820, 0.32505,107.66501,1454.59743,2549.74072,-3.84656,-0.00000,-0.00000,
 6.80000,2380.00000, 0.00000,10000.00000, 0.00000, 8.81163, 0.00000,350.00000, 8.81163,-0.00000, 0.00000,-0.00000, 0.00000, 0.15319, 0.00000, 0.98820, 0.32505,107.66501,1454.59743,2549.74072,-3.84656,-0.00000,-0.00000,
 6.90000,2415.00000, 0.00000,10000.00000, 0.00000, 8.81163, 0.00000,350.00000, 8.81163,-0.00000, 0.00000,-0.00000, 0.00000, 0.15319, 0.00000, 0.98820, 0.32505,107.66501,1454.59743,2549.74072,-3.84656,-0.00000,-0.00000,
 7.00000,2450.00000, 0.00000,10000.00000, 0.00000, 8.81163, 0.00000,350.00000, 8.81163,-0.00000, 0.00000,-0.00000, 0.00000, 0.15319, 0.00000, 0.98820, 0.32505,107.66501,1454.59743,2549.74072,-3.84656,-0.00000,-0.00000,
 7.10000,2485.00000, 0.00000,10000.00000, 0.00000, 8.81163, 0.00000,350.00000, 8.81163,-0.00000, 0.00000,-0.00000, 0.00000, 0.15319, 0.00000, 0.98820, 0.32505,107.66501,1454.59743,2549.74072,-3.84656,-0.00000,-0.00000,
 7.20000,2520.00000, 0.00000,10000.00000, 0.00000, 8.81163, 0.00000,350.00000, 8.81163,-0.00000, 0.00000,-0.00000, 0.00000, 0.15319, 0.00000, 0.98820, 0.32505,107.66501,1454.59743,2549.74072,-3.84656,-0.00000,-0.00000,
 7.30000,2555.00000, 0.00000,10000.00000, 0.00000, 8.81163, 0.00000,350.00000, 8.81163,-0.00000, 0.00000,-0.00000, 0.00000, 0.15319, 0.00000, 0.98820, 0.32505,107.66501,1454.59743,2549.74072,-3.84656,-0.00000,-0.00000,
 7.40000,2590.00000, 0.00000,10000.00000, 0.00000, 8.81163, 0.00000,350.00000, 8.81163,-0.00000, 0.00000,-0.00000, 0.00000, 0.15319, 0.00000, 0.98820, 0.32505,107.66501,1454.59743,2549.74072,-3.84656,-0.00000,-0.00000,
 7.50000,2625.00000, 0.00000,10000.00000, 0.00000, 8.81163, 0.00000,350.00000, 8.81163,-0.00000, 0.00000,-0.00000, 0.00000, 0.15319, 0.00000, 0.98820, 0.32505,107.66501,1454.59743,2549.74072,-3.84656,-0.00000,-0.00000,
 7.60000,2660.00000, 0.00000,10000.00000, 0.00000, 8.81163, 0.00000,350.00000, 8.81163,-0.00000, 0.00000,-0.00000, 0.00000, 0.15319, 0.00000, 0.98820, 0.32505,107.66501,1454.59743,2549.74072,-3.84656,-0.00000,-0.00000,
 7.70000,2695.00000, 0.00000,10000.00000, 0.00000, 8.81163, 0.00000,350.00000, 8.81163,-0.00000, 0.00000,-0.00000, 0.00000, 0.15319, 0.00000, 0.98820, 0.32505,107.66501,1454.59743,2549.74072,-3.84656,-0.00000,-0.00000,
 7.80000,2730.00000, 0.00000,10000.00000, 0.00000, 8.81163, 0.00000,350.00000, 8.81163,-0.00000, 0.00000,-0.00000, 0.00000, 0.15319, 0.00000, 0.98820, 0.32505,107.66501,1454.59743,2549.74072,-3.84656,-0.00000,-0.00000,
 7.90000,2765.00000, 0.00000,10000.00000, 0.00000, 8.81163, 0.00000,350.00000, 8.81163,-0.00000, 0.00000,-0.00000, 0.00000, 0.15319, 0.00000, 0.98820, 0.32505,107.66501,1454.59743,2549.74072,-3.84656,-0.00000,-0.00000,
 8.00000,2800.00000, 0.00000,10000.00000, 0.00000, 8.81163, 0.00000,350.00000, 8.81163,-0.00000, 0.00000,-0.00000, 0.00000, 0.15319, 0.00000, 0.98820, 0.32505,107.66501,1454.59743,2549.74072,-3.84656,-0.00000,-0.00000,
 8.10000,2835.00000, 0.00000,10000.00000, 0.00000, 8.81163, 0.00000,350.00000, 8.81163,-0.00000, 0.00000,-0.00000, 0.00000, 0.15319, 0.00000, 0.98820, 0.32505,107.66501,1454.59743,2549.74072,-3.84656,-0.00000,-0.00000,
 8.20000,2870.00000, 0.00000,10000.00000, 0.00000, 8.81163, 0.00000,350.00000, 8.81163,-0.00000, 0.00000,-0.00000, 0.00000, 0.15319, 0.00000, 0.98820, 0.32505,107.66501,1454.59743,2549.74072,-3.84656,-0.00000,-0.00000,
 8.30000,2905.00000, 0.00000,10000.00000, 0.00000, 8.81163, 0.00000,350.00000, 8.81163,-0.00000, 0.00000,-0.00000, 0.00000, 0.15319, 0.00000, 0.98820, 0.32505,107.66501,1454.59743,2549.74072,-3.84656,-0.00000,-0.00000,
 8.40000,2940.00000, 0.00000,10000.00000, 0.00000, 8.81163, 0.00000,350.00000, 8.81163,-0.00000, 0.00000,-0.00000, 0.00000, 0.15319, 0.00000, 0.98820, 0.32505,107.66501,1454.59743,2549.74072,-3.84656,-0.00000,-0.00000,
 8.50000,2975.00000, 0.00000,10000.00000, 0.00000, 8.81163, 0.00000,350.00000, 8.81163,-0.00000, 0.00000,-0.00000, 0.00000, 0.15319, 0.00000, 0.98820, 0.32505,107.66501,1454.59743,2549.74072,-3.84656,-0.00000,-0.00000,
 8.60000,3010.00000, 0.00000,10000.00000, 0.00000, 8.81163, 0.00000,350.00000, 8.81163,-0.00000, 0.00000,-0.00000, 0.00000, 0.15319, 0.00000, 0.98820, 0.32505,107.66501,1454.59743,2549.74072,-3.84656,-0.00000,-0.00000,
 8.70000,3045.00000, 0.00000,10000.00000, 0.00000, 8.81163, 0.00000,350.00000, 8.81163,-0.00000, 0.00000,-0.00000, 0.00000, 0.15319, 0.00000, 0.98820, 0.32505,107.66501,1454.59743,2549.74072,-3.84656,-0.00000,-0.00000,
 8.80000,3080.00000, 0.00000,10000.00000, 0.00000, 8.81163, 0.00000,350.00000, 8.81163,-0.00000, 0.00000,-0.00000, 0.00000, 0.15319, 0.00000, 0.98820, 0.32505,107.66501,1454.59743,2549.74072,-3.84656,-0.00000,-0.00000,
 8.90000,3115.00000, 0.00000,10000.00000, 0.00000, 8.81163, 0.00000,350.00000, 8.81163,-0.00000, 0.00000,-0.00000, 0.00000, 0.15319, 0.00000, 0.98820, 0.32505,107.66501,1454.59743,2549.74072,-3.84656,-0.00000,-0.00000,
 9.00000,3150.00000, 0.00000,10000.00000, 0.00000, 8.81163, 0.00000,350.00000, 8.81163,-0.00000, 0.00000,-0.00000, 0.00000, 0.15319, 0.00000, 0.98820, 0.32505,107.66501,1454.59743,2549.74072,-3.84656,-0.00000,-0.00000,
 9.10000,3185.00000, 0.00000,10000.00000, 0.00000, 8.81163, 0.00000,350.00000, 8.81163,-0.00000, 0.00000,-0.00000, 0.00000, 0.15319, 0.00000, 0.98820, 0.32505,107.66501,1454.59743,2549.74072,-3.84656,-0.00000,-0.00000,
 9.20000,3220.00000, 0.00000,10000.00000, 0.00000, 8.81163, 0.00000,350.00000, 8.81163,-0.00000, 0.00000,-0.00000, 0.00000, 0.15319, 0.00000, 0.98820, 0.32505,107.66501,1454.59743,2549.74072,-3.84656,-0.00000,-0.00000,
 9.30000,3255.00000, 0.00000,10000.00000, 0.00000, 8.81163, 0.00000,350.00000, 8.81163,-0.00000, 0.00000,-0.00000, 0.00000, 0.15319, 0.00000, 0.98820, 0.32505,107.66501,1454.59743,2549.74072,-3.84656,-0.00000,-0.00000,
 9.40000,3290.00000, 0.00000,10000.00000, 0.00000, 8.81163, 0.00000,350.00000, 8.81163,-0.00000, 0.00000,-0.00000, 0.00000, 0.15319, 0.00000, 0.98820, 0.32505,107.66501,1454.59743,2549.74072,-3.84656,-0.00000,-0.00000,
 9.50000,3325.00000, 0.00000,10000.00000, 0.00000, 8.81163, 0.00000,350.00000, 8.81163,-0.00000, 0.00000,-0.00000, 0.00000, 0.15319, 0.00000, 0.98820, 0.32505,107.66501,1454.59743,2549.74072,-3.84656,-0.00000,-0.00000,
 9.60000,3360.00000, 0.00000,10000.00000, 0.00000, 8.81163, 0.00000,350.00000, 8.81163,-0.00000, 0.00000,-0.00000, 0.00000, 0.15319, 0.00000, 0.98820, 0.32505,107.66501,1454.59743,2549.74072,-3.84656,-0.00000,-0.00000,
 9.70000,3395.00000, 0.00000,10000.00000, 0.00000, 8.81163, 0.00000,350.00000, 8.81163,-0.00000, 0.00000,-0.00000, 0.00000, 0.15319, 0.00000, 0.98820, 0.32505,107.66501,1454.59743,2549.74072,-3.84656,-0.00000,-0.00000,
 9.80000,3430.00000, 0.00000,10000.00000, 0.00000, 8.81163, 0.00000,350.00000, 8.81163,-0.00000, 0.00000,-0.00000, 0.00000, 0.15319, 0.00000, 0.98820, 0.32505,107.66501,1454.59743,2549.74072,-3.84656,-0.00000,-0.00000,
 9.90000,3465.00000, 0.00000,10000.00000, 0.00000, 8.81163, 0.00000,350.00000, 8.81163,-0.00000, 0.00000,-0.00000, 0.00000, 0.15319, 0.00000, 0.98820, 0.32505,107.66501,1454.59743,2549.74072,-3.84656,-0.00000,-0.00000,
10.00000,3500.00000, 0.00000,10000.00000, 0.00000, 8.81163, 0.00000,350.00000, 8.81163,-0.00000, 0.00000,-0.00000, 0.00000, 0.15319, 0.00000, 0.98820, 0.32505,107.66501,1454.59743,2549.74072,-3.84656,-0.00000,-0.00000,
10.10000,3535.00000, 0.00000,10000.00000, 0.00000, 8.81163, 0.00000,350.00000, 8.81163,-0.00000, 0.00000,-0.00000, 0.00000, 0.15319, 0.00000, 0.98820, 0.32505,107.66501,1454.59743,2549.74072,-3.84656,-0.00000,-0.00000,
10.20000,3570.00000, 0.00000,10000.00000, 0.00000, 8.81163, 0.00000,350.00000, 8.81163,-0.00000, 0.00000,-0.00000, 0.00000, 0.15319, 0.00000, 0.98820, 0.32505,107.66501,1454.59743,2549.74072,-3.84656,-0.00000,-0.00000,
10.30000,3605.00000, 0.00000,10000.00000, 0.00000, 8.81163, 0.00000,350.00000, 8.81163,-0.00000, 0.00000,-0.00000, 0.00000, 0.15319, 0.00000, 0.98820, 0.32505,107.66501,1454.59743,2549.74072,-3.84656,-0.00000,-0.00000,
10.40000,3640.00000, 0.00000,10000.00000, 0.00000, 8.81163, 0.00000,350.00000, 8.81163,-0.00000, 0.00000,-0.00000, 0.00000, 0.15319, 0.00000, 0.98820, 0.32505,107.66501,1454.59743,2549.74072,-3.84656,-0.00000,-0.00000,
10.50000,3675.00000, 0.00000,10000.00000, 0.00000, 8.81163, 0.00000,350.00000, 8.81163,-0.00000, 0.00000,-0.00000, 0.00000, 0.15319, 0.00000, 0.98820, 0.32505,107.66501,1454.59743,2549.74072,-3.84656,-0.00000,-0.00000,
10.60000,3710.00000, 0.00000,10000.00000, 0.00000, 8.81163, 0.00000,350.00000, 8.81163,-0.00000, 0.00000,-0.00000, 0.00000, 0.15319, 0.00000, 0.98820, 0.32505,107.66501,1454.59743,2549.74072,-3.84656,-0.00000,-0.00000,
10.70000,3745.00000, 0.00000,10000.00000, 0.00000, 8.81163, 0.00000,350.00000, 8.81163,-0.00000, 0.00000,-0.00000, 0.00000, 0.15319, 0.00000, 0.98820, 0.32505,107.66501,1454.59743,2549.74072,-3.84656,-0.00000,-0.00000,
10.80000,3780.00000, 0.00000,10000.00000, 0.00000, 8.81163, 0.00000,350.00000, 8.81163,-0.00000, 0.00000,-0.00000, 0.00000, 0.15319, 0.00000, 0.98820, 0.32505,107.66501,1454.59743,2549.74072,-3.84656,-0.00000,-0.00000,
10.90000,3815.00000, 0.00000,10000.00000, 0.00000, 8.81163, 0.00000,350.00000, 8.81163,-0.00000, 0.00000,-0.00000, 0.00000, 0.15319, 0.00000, 0.98820, 0.32505,107.66501,1454.59743,2549.74072,-3.84656,-0.00000,-0.00000,
11.00000,3850.00000, 0.00000,10000.00000, 0.00000, 8.81163, 0.00000,350.00000, 8.81163,-0.00000, 0.00000,-0.00000, 0.00000, 0.15319, 0.00000, 0.98820, 0.32505,107.66501,1454.59743,2549.74072,-3.84656,-0.00000,-0.00000,
11.10000,3885.00000, 0.00000,10000.00000, 0.00000, 8.81163, 0.00000,350.00000, 8.81163,-0.00000, 0.00000,-0.00000, 0.00000, 0.15319, 0.00000, 0.98820, 0.32505,107.66501,1454.59743,2549.74072,-3.84656,-0.00000,-0.00000,
11.20000,3920.00000, 0.00000,10000.00000, 0.00000, 8.81163, 0.00000,350.00000, 8.81163,-0.00000, 0.00000,-0.00000, 0.00000, 0.15319, 0.00000, 0.98820, 0.32505,107.66501,1454.59743,2549.74072,-3.84656,-0.00000,-0.00000,
11.30000,3955.00000, 0.00000,10000.00000, 0.00000, 8.81163, 0.00000,350.00000, 8.81163,-0.00000, 0.00000,-0.00000, 0.00000, 0.15319, 0.00000, 0.98820, 0.32505,107.66501,1454.59743,2549.74072,-3.84656,-0.00000,-0.00000,
11.40000,3990.00000, 0.00000,10000.00000, 0.00000, 8.81163, 0.00000,350.00000, 8.81163,-0.00000, 0.00000,-0.00000, 0.00000, 0.15319, 0.00000, 0.98820, 0.32505,107.66501,1454.59743,2549.74072,-3.84656,-0.00000,-0.00000,
11.50000,4025.00000, 0.00000,10000.00000, 0.00000, 8.81163, 0.00000,350.00000, 8.81163,-0.00000, 0.00000,-0.00000, 0.00000, 0.15319, 0.00000, 0.98820, 0.32505,107.66501,1454.59743,2549.74072,-3.84656,-0.00000,-0.00000,
11.60000,4060.00000, 0.00000,10000.00000, 0.00000, 8.81163, 0.00000,350.00000, 8.81163,-0.00000, 0.00000,-0.00000, 0.00000, 0.15319, 0.00000, 0.98820, 0.32505,107.66501,1454.59743,2549.74072,-3.84656,-0.00000,-0.00000,
11.70000,4095.00000, 0.00000,10000.00000, 0.00000, 8.81163, 0.00000,350.00000, 8.81163,-0.00000, 0.00000,-0.00000, 0.00000, 0.15319, 0.00000, 0.98820, 0.32505,107.66501,1454.59743,2549.74072,-3.84656,-0.00000,-0.00000,
11.80000,4130.00000, 0.00000,10000.00000, 0.00000, 8.81163, 0.00000,350.00000, 8.81163,-0.00000, 0.00000,-0.00000, 0.00000, 0.15319, 0.00000, 0.98820, 0.32505,107.66501,1454.59743,2549.74072,-3.84656,-0.00000,-0.00000,
11.90000,4165.00000, 0.00000,10000.00000, 0.00000, 8.81163, 0.00000,350.00000, 8.81163,-0.00000, 0.00000,-0.00000, 0.00000, 0.15319, 0.00000, 0.98820, 0.32505,107.66501,1454.59743,2549.74072,-3.84656,-0.00000,-0.00000,
12.00000,4200.00000, 0.00000,10000.00000, 0.00000, 8.81163, 0.00000,350.00000, 8.81163,-0.00000, 0.00000,-0.00000, 0.00000, 0.15319, 0.00000, 0.98820, 0.32505,107.66501,1454.59743,2549.74072,-3.84656,-0.00000,-0.00000,
12.10000,4235.00000, 0.00000,10000.00000, 0.00000, 8.81163, 0.00000,350.00000, 8.81163,-0.00000, 0.00000,-0.00000, 0.00000, 0.15319, 0.00000, 0.98820, 0.32505,107.66501,1454.59743,2549.74072,-3.84656,-0.00000,-0.00000,
12.20000,4270.00000, 0.00000,10000.00000, 0.00000, 8.81163, 0.00000,350.00000, 8.81163,-0.00000, 0.00000,-0.00000, 0.00000, 0.15319, 0.00000, 0.98820, 0.32505,107.66501,1454.59743,2549.74072,-3.84656,-0.00000,-0.00000,
12.30000,4305.00000, 0.00000,10000.00000, 0.00000, 8.81163, 0.00000,350.00000, 8.81163,-0.00000, 0.00000,-0.00000, 0.00000, 0.15319, 0.00000, 0.98820, 0.32505,107.66501,1454.59743,2549.74072,-3.84656,-0.00000,-0.00000,
12.40000,4340.00000, 0.00000,10000.00000, 0.00000, 8.81163, 0.00000,350.00000, 8.81163,-0.00000, 0.00000,-0.00000, 0.00000, 0.15319, 0.00000, 0.98820, 0.32505,107.66501,1454.59743,2549.74072,-3.84656,-0.00000,-0.00000,
12.50000,4375.00000, 0.00000,10000.00000, 0.00000, 8.81163, 0.00000,350.00000, 8.81163,-0.00000, 0.00000,-0.00000, 0.00000, 0.15319, 0.00000, 0.98820, 0.32505,107.66501,1454.59743,2549.74072,-3.84656,-0.00000,-0.00000,
12.60000,4410.00000, 0.00000,10000.00000, 0.00000, 8.81163, 0.00000,350.00000, 8.81163,-0.00000, 0.00000,-0.00000, 0.00000, 0.15319, 0.00000, 0.98820, 0.32505,107.66501,1454.59743,2549.74072,-3.84656,-0.00000,-0.00000,
12.70000,4445.00000, 0.00000,10000.00000, 0.00000, 8.81163, 0.00000,350.00000, 8.81163,-0.00000, 0.00000,-0.00000, 0.00000, 0.15319, 0.00000, 0.98820, 0.32505,107.66501,1454.59743,2549.74072,-3.84656,-0.00000,-0.00000,
12.80000,4480.00000, 0.00000,10000.00000, 0.00000, 8.81163, 0.00000,350.00000, 8.81163,-0.00000, 0.00000,-0.00000, 0.00000, 0.15319, 0.00000, 0.98820, 0.32505,107.66501,1454.59743,2549.74072,-3.84656,-0.00000,-0.00000,
12.90000,4515.00000, 0.00000,10000.00000, 0.00000, 8.81163, 0.00000,350.00000, 8.81163,-0.00000, 0.00000,-0.00000, 0.00000, 0.15319, 0.00000, 0.98820, 0.32505,107.66501,1454.59743,2549.74072,-3.84656,-0.00000,-0.00000,
13.00000,4550.00000, 0.00000,10000.00000, 0.00000, 8.81163, 0.00000,350.00000, 8.81163,-0.00000, 0.00000,-0.00000, 0.00000, 0.15319, 0.00000, 0.98820, 0.32505,107.66501,1454.59743,2549.74072,-3.84656,-0.00000,-0.00000,
13.10000,4585.00000, 0.00000,10000.00000, 0.00000, 8.81163, 0.00000,350.00000, 8.81163,-0.00000, 0.00000,-0.00000, 0.00000, 0.15319, 0.00000, 0.98820, 0.32505,107.66501,1454.59743,2549.74072,-3.84656,-0.00000,-0.00000,
13.20000,4620.00000, 0.00000,10000.00000, 0.00000, 8.81163, 0.00000,350.00000, 8.81163,-0.00000, 0.00000,-0.00000, 0.00000, 0.15319, 0.00000, 0.98820, 0.32505,107.66501,1454.59743,2549.74072,-3.84656,-0.00000,-0.00000,
13.30000,4655.00000, 0.00000,10000.00000, 0.00000, 8.81163, 0.00000,350.00000, 8.81163, 0.00000, 0.00000,-0.00000, 0.00000, 0.15319, 0.00000, 0.98820, 0.32505,107.66501,1454.59743,2549.74072,-3.84656,-0.00000,-0.00000,
13.40000,4690.00000, 0.00000,10000.00000, 0.00000, 8.81163, 0.00000,350.00000, 8.81163, 0.00000, 0.00000,-0.00000, 0.00000, 0.15319, 0.00000, 0.98820, 0.32505,107.66501,1454.59743,2549.74072,-3.84656,-0.00000,-0.00000,
13.50000,4725.00000, 0.00000,10000.00000, 0.00000, 8.81163, 0.00000,350.00000, 8.81163, 0.00000, 0.00000,-0.00000, 0.00000, 0.15319, 0.00000, 0.98820, 0.32505,107.66501,1454.59743,2549.74072,-3.84656,-0.00000,-0.00000,
13.60000,4760.00000, 0.00000,10000.00000, 0.00000, 8.81163, 0.00000,350.00000, 8.81163, 0.00000, 0.00000,-0.00000, 0.00000, 0.15319, 0.00000, 0.98820, 0.32505,107.66501,1454.59743,2549.74072,-3.84656,-0.00000,-0.00000,
13.70000,4795.00000, 0.00000,10000.00000, 0.00000, 8.81163, 0.00000,350.00000, 8.81163, 0.00000, 0.00000,-0.00000, 0.00000, 0.15319, 0.00000, 0.98820, 0.32505,107.66501,1454.59743,2549.74072,-3.84656,-0.00000,-0.00000,
13.80000,4830.00000, 0.00000,10000.00000, 0.00000, 8.81163, 0.00000,350.00000, 8.81163, 0.00000, 0.00000,-0.00000, 0.00000, 0.15319, 0.00000, 0.98820, 0.32505,107.66501,1454.59743,2549.74072,-3.84656,-0.00000,-0.00000,
13.90000,4865.00000, 0.00000,10000.00000, 0.00000, 8.81163, 0.00000,350.00000, 8.81163, 0.00000, 0.00000,-0.00000, 0.00000, 0.15319, 0.00000, 0.98820, 0.32505,107.66501,1454.59743,2549.74072,-3.84656,-0.00000,-0.00000,
14.00000,4900.00000, 0.00000,10000.00000, 0.00000, 8.81163, 0.00000,350.00000, 8.81163, 0.00000, 0.00000,-0.00000, 0.00000, 0.15319, 0.00000, 0.98820, 0.32505,107.66501,1454.59743,2549.74072,-3.84656,-0.00000,-0.00000,
14.10000,4935.00000, 0.00000,10000.00000, 0.00000, 8.81163, 0.00000,350.00000, 8.81163, 0.00000, 0.00000,-0.00000, 0.00000, 0.15319, 0.00000, 0.98820, 0.32505,107.66501,1454.59743,2549.74072,-3.84656,-0.00000,-0.00000,
14.20000,4970.00000, 0.00000,10000.00000, 0.00000, 8.81163, 0.00000,350.00000, 8.81163, 0.00000, 0.00000,-0.00000, 0.00000, 0.15319, 0.00000, 0.98820, 0.32505,107.66501,1454.59743,2549.74072,-3.84656,-0.00000,-0.00000,
14.30000,5005.00000, 0.00000,10000.00000, 0.00000, 8.81163, 0.00000,350.00000, 8.81163, 0.00000, 0.00000,-0.00000, 0.00000, 0.15319, 0.00000, 0.98820, 0.32505,107.66501,1454.59743,2549.74072,-3.84656,-0.00000,-0.00000,
14.40000,5040.00000, 0.00000,10000.00000, 0.00000, 8.81163, 0.00000,350.00000, 8.81163, 0.00000, 0.00000,-0.00000, 0.00000, 0.15319, 0.00000, 0.98820, 0.32505,107.66501,1454.59743,2549.74072,-3.84656,-0.00000,-0.00000,
14.50000,5075.00000, 0.00000,10000.00000, 0.00000, 8.81163, 0.00000,350.00000, 8.81163, 0.00000, 0.00000,-0.00000, 0.00000, 0.15319, 0.00000, 0.98820, 0.32505,107.66501,1454.59743,2549.74072,-3.84656,-0.00000,-0.00000,
14.60000,5110.00000, 0.00000,10000.00000, 0.00000, 8.81163, 0.00000,350.00000, 8.81163, 0.00000, 0.00000,-0.00000, 0.00000, 0.15319, 0.00000, 0.98820, 0.32505,107.66501,1454.59743,2549.74072,-3.84656,-0.00000,-0.00000,
14.70000,5145.00000, 0.00000,10000.00000, 0.00000, 8.81163, 0.00000,350.00000, 8.81163, 0.00000, 0.00000,-0.00000, 0.00000, 0.15319, 0.00000, 0.98820, 0.32505,107.66501,1454.59743,2549.74072,-3.84656,-0.00000,-0.00000,
14.80000,5180.00000, 0.00000,10000.00000, 0.00000, 8.81163, 0.00000,350.00000, 8.81163, 0.00000, 0.00000,-0.00000, 0.00000, 0.15319, 0.00000, 0.98820, 0.32505,107.66501,1454.59743,2549.74072,-3.84656,-0.00000,-0.00000,
14.90000,5215.00000, 0.00000,10000.00000, 0.00000, 8.81163, 0.00000,350.00000, 8.81163, 0.00000, 0.00000,-0.00000, 0.00000, 0.15319, 0.00000, 0.98820, 0.32505,107.66501,1454.59743,2549.74072,-3.84656,-0.00000,-0.00000,
15.00000,5250.00000, 0.00000,10000.00000, 0.00000, 8.81163, 0.00000,350.00000, 8.81163, 0.00000, 0.00000,-0.00000, 0.00000, 0.15319, 0.00000, 0.98820, 0.32505,107.66501,1454.59743,2549.74072,-3.84656,-0.00000,-0.00000,
15.10000,5285.00000, 0.00000,10000.00000, 0.00000, 8.81163, 0.00000,350.00000, 8.81163, 0.00000, 0.00000,-0.00000, 0.00000, 0.15319, 0.00000, 0.98820, 0.32505,107.66501,1454.59743,2549.74072,-3.84656,-0.00000,-0.00000,
15.20000,5320.00000, 0.00000,10000.00000, 0.00000, 8.81163, 0.00000,350.00000, 8.81163, 0.00000, 0.00000,-0.00000, 0.00000, 0.15319, 0.00000, 0.98820, 0.32505,107.66501,1454.59743,2549.74072,-3.84656,-0.00000,-0.00000,
15.30000,5355.00000, 0.00000,10000.00000, 0.00000, 8.81163, 0.00000,350.00000, 8.81163, 0.00000, 0.00000,-0.00000, 0.00000, 0.15319, 0.00000, 0.98820, 0.32505,107.66501,1454.59743,2549.74072,-3.84656,-0.00000,-0.00000,
15.40000,5390.00000, 0.00000,10000.00000, 0.00000, 8.81163, 0.00000,350.00000, 8.81163, 0.00000, 0.00000,-0.00000, 0.00000, 0.15319, 0.00000, 0.98820, 0.32505,107.66501,1454.59743,2549.74072,-3.84656,-0.00000,-0.00000,
15.50000,5425.00000, 0.00000,10000.00000, 0.00000, 8.81163, 0.00000,350.00000, 8.81163, 0.00000, 0.00000,-0.00000, 0.00000, 0.15319, 0.00000, 0.98820, 0.32505,107.66501,1454.59743,2549.74072,-3.84656,-0.00000,-0.00000,
15.60000,5460.00000, 0.00000,10000.00000, 0.00000, 8.81163, 0.00000,350.00000, 8.81163, 0.00000, 0.00000,-0.00000, 0.00000, 0.15319, 0.00000, 0.98820, 0.32505,107.66501,1454.59743,2549.74072,-3.84656,-0.00000,-0.00000,
15.70000,5495.00000, 0.00000,10000.00000, 0.00000, 8.81163, 0.00000,350.00000, 8.81163, 0.00000, 0.00000,-0.00000, 0.00000, 0.15319, 0.00000, 0.98820, 0.32505,107.66501,1454.59743,2549.74072,-3.84656,-0.00000,-0.00000,
15.80000,5530.00000, 0.00000,10000.00000, 0.00000, 8.81163, 0.00000,350.00000, 8.81163, 0.00000, 0.00000,-0.00000, 0.00000, 0.15319, 0.00000, 0.98820, 0.32505,107.66501,1454.59743,2549.74072,-3.84656,-0.00000,-0.00000,
15.90000,5565.00000, 0.00000,10000.00000, 0.00000, 8.81163, 0.00000,350.00000, 8.81163, 0.00000, 0.00000,-0.00000, 0.00000, 0.15319, 0.00000, 0.98820, 0.32505,107.66501,1454.59743,2549.74072,-3.84656,-0.00000,-0.00000,
16.00000,5600.00000, 0.00000,10000.00000, 0.00000, 8.81163, 0.00000,350.00000, 8.81163, 0.00000, 0.00000,-0.00000, 0.00000, 0.15319, 0.00000, 0.98820, 0.32505,107.66501,1454.59743,2549.74072,-3.84656,-0.00000,-0.00000,
16.10000,5635.00000, 0.00000,10000.00000, 0.00000, 8.81163, 0.00000,350.00000, 8.81163, 0.00000, 0.00000,-0.00000, 0.00000, 0.15319, 0.00000, 0.98820, 0.32505,107.66501,1454.59743,2549.74072,-3.84656,-0.00000,-0.00000,
16.20000,5670.00000, 0.00000,10000.00000, 0.00000, 8.81163, 0.00000,350.00000, 8.81163, 0.00000, 0.00000,-0.00000, 0.00000, 0.15319, 0.00000, 0.98820, 0.32505,107.66501,1454.59743,2549.74072,-3.84656,-0.00000,-0.00000,
16.30000,5705.00000, 0.00000,10000.00000, 0.00000, 8.81163, 0.00000,350.00000, 8.81163, 0.00000, 0.00000,-0.00000, 0.00000, 0.15319, 0.00000, 0.98820, 0.32505,107.66501,1454.59743,2549.74072,-3.84656,-0.00000,-0.00000,
16.40000,5740.00000, 0.00000,10000.00000, 0.00000, 8.81163, 0.00000,350.00000, 8.81163, 0.00000, 0.00000,-0.00000, 0.00000, 0.15319, 0.00000, 0.98820, 0.32505,107.66501,1454.59743,2549.74072,-3.84656,-0.00000,-0.00000,
16.50000,5775.00000, 0.00000,10000.00000, 0.00000, 8.81163, 0.00000,350.00000, 8.81163, 0.00000, 0.00000,-0.00000, 0.00000, 0.15319, 0.00000, 0.98820, 0.32505,107.66501,1454.59743,2549.74072,-3.84656,-0.00000,-0.00000,
16.60000,5810.00000, 0.00000,10000.00000, 0.00000, 8.81163, 0.00000,350.00000, 8.81163, 0.00000, 0.00000,-0.00000, 0.00000, 0.15319, 0.00000, 0.98820, 0.32505,107.66501,1454.59743,2549.74072,-3.84656,-0.00000,-0.00000,
16.70000,5845.00000, 0.00000,10000.00000, 0.00000, 8.81163, 0.00000,350.00000, 8.81163, 0.00000, 0.00000,-0.00000, 0.00000, 0.15319, 0.00000, 0.98820, 0.32505,107.66501,1454.59743,2549.74072,-3.84656,-0.00000,-0.00000,
16.80000,5880.00000, 0.00000,10000.00000, 0.00000, 8.81163, 0.00000,350.00000, 8.81163, 0.00000, 0.00000,-0.00000, 0.00000, 0.15319, 0.00000, 0.98820, 0.32505,107.66501,1454.59743,2549.74072,-3.84656,-0.00000,-0.00000,
16.90000,5915.00000, 0.00000,10000.00000, 0.00000, 8.81163, 0.00000,350.00000, 8.81163, 0.00000, 0.00000,-0.00000, 0.00000, 0.15319, 0.00000, 0.98820, 0.32505,107.66501,1454.59743,2549.74072,-3.84656,-0.00000,-0.00000,
17.00000,5950.00000, 0.00000,10000.00000, 0.00000, 8.81163, 0.00000,350.00000, 8.81163, 0.00000, 0.00000,-0.00000, 0.00000, 0.15319, 0.00000, 0.98820, 0.32505,107.66501,1454.59743,2549.74072,-3.84656,-0.00000,-0.00000,
17.10000,5985.00000, 0.00000,10000.00000, 0.00000, 8.81163, 0.00000,350.00000, 8.81163, 0.00000, 0.00000,-0.00000, 0.00000, 0.15319, 0.00000, 0.98820, 0.32505,107.66501,1454.59743,2549.74072,-3.84656,-0.00000,-0.00000,
17.20000,6020.00000, 0.00000,10000.00000, 0.00000, 8.81163, 0.00000,350.00000, 8.81163, 0.00000, 0.00000,-0.00000, 0.00000, 0.15319, 0.00000, 0.98820, 0.32505,107.66501,1454.59743,2549.74072,-3.84656,-0.00000,-0.00000,
17.30000,6055.00000, 0.00000,10000.00000, 0.00000, 8.81163, 0.00000,350.00000, 8.81163, 0.00000, 0.00000,-0.00000, 0.00000, 0.15319, 0.00000, 0.98820, 0.32505,107.66501,1454.59743,2549.74072,-3.84656,-0.00000,-0.00000,
17.40000,6090.00000, 0.00000,10000.00000, 0.00000, 8.81163, 0.00000,350.00000, 8.81163, 0.00000, 0.00000,-0.00000, 0.00000, 0.15319, 0.00000, 0.98820, 0.32505,107.66501,1454.59743,2549.74072,-3.84656,-0.00000,-0.00000,
17.50000,6125.00000, 0.00000,10000.00000, 0.00000, 8.81163, 0.00000,350.00000, 8.81163, 0.00000, 0.00000,-0.00000, 0.00000, 0.15319, 0.00000, 0.98820, 0.32505,107.66501,1454.59743,2549.74072,-3.84656,-0.00000,-0.00000,
17.60000,6160.00000, 0.00000,10000.00000, 0.00000, 8.81163, 0.00000,350.00000, 8.81163, 0.00000, 0.00000,-0.00000, 0.00000, 0.15319, 0.00000, 0.98820, 0.32505,107.66501,1454.59743,2549.74072,-3.84656,-0.00000,-0.00000,
17.70000,6195.00000, 0.00000,10000.00000, 0.00000, 8.81163, 0.00000,350.00000, 8.81163, 0.00000, 0.00000,-0.00000, 0.00000, 0.15319, 0.00000, 0.98820, 0.32505,107.66501,1454.59743,2549.74072,-3.84656,-0.00000,-0.00000,
17.80000,6230.00000, 0.00000,10000.00000, 0.00000, 8.81163, 0.00000,350.00000, 8.81163, 0.00000, 0.00000,-0.00000, 0.00000, 0.15319, 0.00000, 0.98820, 0.32505,107.66501,1454.59743,2549.74072,-3.84656,-0.00000,-0.00000,
17.90000,6265.00000, 0.00000,10000.00000, 0.00000, 8.81163, 0.00000,350.00000, 8.81163, 0.00000, 0.00000,-0.00000, 0.00000, 0.15319,-0.00000, 0.98820, 0.32505,107.66501,1454.59743,2549.74072,-3.84656,-0.00000,-0.00000,
18.00000,6300.00000, 0.00000,10000.00000, 0.00000, 8.81163, 0.00000,350.00000, 8.81163, 0.00000, 0.00000,-0.00000, 0.00000, 0.15319,-0.00000, 0.98820, 0.32505,107.66501,1454.59743,2549.74072,-3.84656,-0.00000,-0.00000,
18.10000,6335.00000, 0.00000,10000.00000, 0.00000, 8.81163, 0.00000,350.00000, 8.81163, 0.00000, 0.00000,-0.00000, 0.00000, 0.15319,-0.00000, 0.98820, 0.32505,107.66501,1454.59743,2549.74072,-3.84656,-0.00000,-0.00000,
18.20000,6370.00000, 0.00000,10000.00000, 0.00000, 8.81163, 0.00000,350.00000, 8.81163, 0.00000, 0.00000,-0.00000, 0.00000, 0.15319,-0.00000, 0.98820, 0.32505,107.66501,1454.59743,2549.74072,-3.84656,-0.00000,-0.00000,
18.30000,6405.00000, 0.00000,10000.00000, 0.00000, 8.81163, 0.00000,350.00000, 8.81163, 0.00000, 0.00000,-0.00000, 0.00000, 0.15319,-0.00000, 0.98820, 0.32505,107.66501,1454.59743,2549.74072,-3.84656,-0.00000,-0.00000,
18.40000,6440.00000, 0.00000,10000.00000, 0.00000, 8.81163, 0.00000,350.00000, 8.81163, 0.00000, 0.00000,-0.00000, 0.00000, 0.15319,-0.00000, 0.98820, 0.32505,107.66501,1454.59743,2549.74072,-3.84656,-0.00000,-0.00000,
18.50000,6475.00000, 0.00000,10000.00000, 0.00000, 8.81163, 0.00000,350.00000, 8.81163, 0.00000, 0.00000,-0.00000, 0.00000, 0.15319,-0.00000, 0.98820, 0.32505,107.66501,1454.59743,2549.74072,-3.84656,-0.00000,-0.00000,
18.60000,6510.00000, 0.00000,10000.00000, 0.00000, 8.81163, 0.00000,350.00000, 8.81163, 0.00000, 0.00000,-0.00000, 0.00000, 0.15319,-0.00000, 0.98820, 0.32505,107.66501,1454.59743,2549.74072,-3.84656,-0.00000,-0.00000,
18.70000,6545.00000, 0.00000,10000.00000, 0.00000, 8.81163, 0.00000,350.00000, 8.81163, 0.00000, 0.00000,-0.00000, 0.00000, 0.15319,-0.00000, 0.98820, 0.32505,107.66501,1454.59743,2549.74072,-3.84656,-0.00000,-0.00000,
18.80000,6580.00000, 0.00000,10000.00000, 0.00000, 8.81163, 0.00000,350.00000, 8.81163, 0.00000, 0.00000,-0.00000, 0.00000, 0.15319,-0.00000, 0.98820, 0.32505,107.66501,1454.59743,2549.74072,-3.84656,-0.00000,-0.00000,
18.90000,6615.00000, 0.00000,10000.00000, 0.00000, 8.81163, 0.00000,350.00000, 8.81163, 0.00000, 0.00000,-0.00000, 0.00000, 0.15319, 0.00000, 0.98820, 0.32505,107.66501,1454.59743,2549.74072,-3.84656,-0.00000,-0.00000,
19.00000,6650.00000, 0.00000,10000.00000, 0.00000, 8.81163, 0.00000,350.00000, 8.81163, 0.00000, 0.00000,-0.00000, 0.00000, 0.15319, 0.00000, 0.98820, 0.32505,107.66501,1454.59743,2549.74072,-3.84656,-0.00000,-0.00000,
19.10000,6685.00000, 0.00000,10000.00000, 0.00000, 8.81163, 0.00000,350.00000, 8.81163, 0.00000, 0.00000,-0.00000, 0.00000, 0.15319, 0.00000, 0.98820, 0.32505,107.66501,1454.59743,2549.74072,-3.84656,-0.00000,-0.00000,
19.20000,6720.00000, 0.00000,10000.00000, 0.00000, 8.81163, 0.00000,350.00000, 8.81163, 0.00000, 0.00000,-0.00000, 0.00000, 0.15319, 0.00000, 0.98820, 0.32505,107.66501,1454.59743,2549.74072,-3.84656,-0.00000,-0.00000,
19.30000,6755.00000, 0.00000,10000.00000, 0.00000, 8.81163, 0.00000,350.00000, 8.81163, 0.00000, 0.00000,-0.00000, 0.00000, 0.15319, 0.00000, 0.98820, 0.32505,107.66501,1454.59743,2549.74072,-3.84656,-0.00000,-0.00000,
19.40000,6790.00000, 0.00000,10000.00000, 0.00000, 8.81163, 0.00000,350.00000, 8.81163, 0.00000, 0.00000,-0.00000, 0.00000, 0.15319, 0.00000, 0.98820, 0.32505,107.66501,1454.59743,2549.74072,-3.84656,-0.00000,-0.00000,
19.50000,6825.00000, 0.00000,10000.00000, 0.00000, 8.81163, 0.00000,350.00000, 8.81163, 0.00000, 0.00000,-0.00000, 0.00000, 0.15319,-0.00000, 0.98820, 0.32505,107.66501,1454.59743,2549.74072,-3.84656,-0.00000,-0.00000,
19.60000,6860.00000, 0.00000,10000.00000, 0.00000, 8.81163, 0.00000,350.00000, 8.81163, 0.00000, 0.00000,-0.00000, 0.00000, 0.15319,-0.00000, 0.98820, 0.32505,107.66501,1454.59743,2549.74072,-3.84656,-0.00000,-0.00000,
19.70000,6895.00000, 0.00000,10000.00000, 0.00000, 8.81163, 0.00000,350.00000, 8.81163, 0.00000, 0.00000,-0.00000, 0.00000, 0.15319,-0.00000, 0.98820, 0.32505,107.66501,1454.59743,2549.74072,-3.84656,-0.00000,-0.00000,
19.80000,6930.00000, 0.00000,10000.00000, 0.00000, 8.81163, 0.00000,350.00000, 8.81163, 0.00000, 0.00000,-0.00000, 0.00000, 0.15319,-0.00000, 0.98820, 0.32505,107.66501,1454.59743,2549.74072,-3.84656,-0.00000,-0.00000,
19.90000,6965.00000, 0.00000,10000.00000, 0.00000, 8.81163, 0.00000,350.00000, 8.81163, 0.00000, 0.00000,-0.00000, 0.00000, 0.15319,-0.00000, 0.98820, 0.32505,107.66501,1454.59743,2549.74072,-3.84656,-0.00000,-0.00000,
20.00000,7000.00000, 0.00000,10000.00000, 0.00000, 8.81163, 0.00000,350.00000, 8.81163, 0.00000, 0.00000,-0.00000, 0.00000, 0.15319,-0.00000, 0.98820, 0.32505,107.66501,1454.59743,2549.74072,-3.84656,-0.00000,-0.00000,
20.10000,7035.00000, 0.00000,10000.00000, 0.00000, 8.81163, 0.00000,350.00000, 8.81163, 0.00000, 0.00000,-0.00000, 0.00000, 0.15319,-0.00000, 0.98820, 0.32505,107.66501,1454.59743,2549.74072,-3.84656,-0.00000,-0.00000,
20.20000,7070.00000, 0.00000,10000.00000, 0.00000, 8.81163, 0.00000,350.00000, 8.81163, 0.00000, 0.00000,-0.00000, 0.00000, 0.15319,-0.00000, 0.98820, 0.32505,107.66501,1454.59743,2549.74072,-3.84656,-0.00000,-0.00000,
20.30000,7105.00000, 0.00000,10000.00000, 0.00000, 8.81163, 0.00000,350.00000, 8.81163, 0.00000, 0.00000,-0.00000, 0.00000, 0.15319,-0.00000, 0.98820, 0.32505,107.66501,1454.59743,2549.74072,-3.84656,-0.00000,-0.00000,
20.40000,7140.00000, 0.00000,10000.00000, 0.00000, 8.81163, 0.00000,350.00000, 8.81163, 0.00000, 0.00000,-0.00000, 0.00000, 0.15319,-0.00000, 0.98820, 0.32505,107.66501,1454.59743,2549.74072,-3.84656,-0.00000,-0.00000,
20.50000,7175.00000, 0.00000,10000.00000, 0.00000, 8.81163, 0.00000,350.00000, 8.81163, 0.00000, 0.00000,-0.00000, 0.00000, 0.15319,-0.00000, 0.98820, 0.32505,107.66501,1454.59743,2549.74072,-3.84656,-0.00000,-0.00000,
20.60000,7210.00000, 0.00000,10000.00000, 0.00000, 8.81163, 0.00000,350.00000, 8.81163, 0.00000, 0.00000,-0.00000, 0.00000, 0.15319,-0.00000, 0.98820, 0.32505,107.66501,1454.59743,2549.74072,-3.84656,-0.00000,-0.00000,
20.70000,7245.00000, 0.00000,10000.00000, 0.00000, 8.81163, 0.00000,350.00000, 8.81163, 0.00000, 0.00000,-0.00000, 0.00000, 0.15319,-0.00000, 0.98820, 0.32505,107.66501,1454.59743,2549.74072,-3.84656,-0.00000,-0.00000,
20.80000,7280.00000, 0.00000,10000.00000, 0.00000, 8.81163, 0.00000,350.00000, 8.81163, 0.00000, 0.00000,-0.00000, 0.00000, 0.15319,-0.00000, 0.98820, 0.32505,107.66501,1454.59743,2549.74072,-3.84656,-0.00000,-0.00000,
20.90000,7315.00000, 0.00000,10000.00000, 0.00000, 8.81163, 0.00000,350.00000, 8.81163, 0.00000, 0.00000,-0.00000, 0.00000, 0.15319,-0.00000, 0.98820, 0.32505,107.66501,1454.59743,2549.74072,-3.84656,-0.00000,-0.00000,
21.00000,7350.00000, 0.00000,10000.00000, 0.00000, 8.81163, 0.00000,350.00000, 8.81163, 0.00000, 0.00000,-0.00000, 0.00000, 0.15319,-0.00000, 0.98820, 0.32505,107.66501,1454.59743,2549.74072,-3.84656,-0.00000,-0.00000,
21.10000,7385.00000, 0.00000,10000.00000, 0.00000, 8.81163, 0.00000,350.00000, 8.81163, 0.00000, 0.00000,-0.00000, 0.00000, 0.15319,-0.00000, 0.98820, 0.32505,107.66501,1454.59743,2549.74072,-3.84656,-0.00000,-0.00000,
21.20000,7420.00000, 0.00000,10000.00000, 0.00000, 8.81163, 0.00000,350.00000, 8.81163, 0.00000, 0.00000,-0.00000, 0.00000, 0.15319,-0.00000, 0.98820, 0.32505,107.66501,1454.59743,2549.74072,-3.84656,-0.00000,-0.00000,
21.30000,7455.00000, 0.00000,10000.00000, 0.00000, 8.81163, 0.00000,350.00000, 8.81163, 0.00000, 0.00000,-0.00000, 0.00000, 0.15319,-0.00000, 0.98820, 0.32505,107.66501,1454.59743,2549.74072,-3.84656,-0.00000,-0.00000,
21.40000,7490.00000, 0.00000,10000.00000, 0.00000, 8.81163, 0.00000,350.00000, 8.81163, 0.00000, 0.00000,-0.00000, 0.00000, 0.15319,-0.00000, 0.98820, 0.32505,107.66501,1454.59743,2549.74072,-3.84656,-0.00000,-0.00000,
21.50000,7525.00000, 0.00000,10000.00000, 0.00000, 8.81163, 0.00000,350.00000, 8.81163, 0.00000, 0.00000,-0.00000, 0.00000, 0.15319,-0.00000, 0.98820, 0.32505,107.66501,1454.59743,2549.74072,-3.84656,-0.00000,-0.00000,
21.60000,7560.00000, 0.00000,10000.00000, 0.00000, 8.81163, 0.00000,350.00000, 8.81163, 0.00000, 0.00000,-0.00000, 0.00000, 0.15319,-0.00000, 0.98820, 0.32505,107.66501,1454.59743,2549.74072,-3.84656,-0.00000,-0.00000,
21.70000,7595.00000, 0.00000,10000.00000, 0.00000, 8.81163, 0.00000,350.00000, 8.81163, 0.00000, 0.00000,-0.00000, 0.00000, 0.15319,-0.00000, 0.98820, 0.32505,107.66501,1454.59743,2549.74072,-3.84656,-0.00000,-0.00000,
21.80000,7630.00000, 0.00000,10000.00000, 0.00000, 8.81163, 0.00000,350.00000, 8.81163, 0.00000, 0.00000,-0.00000, 0.00000, 0.15319,-0.00000, 0.98820, 0.32505,107.66501,1454.59743,2549.74072,-3.84656,-0.00000,-0.00000,
21.90000,7665.00000, 0.00000,10000.00000, 0.00000, 8.81163, 0.00000,350.00000, 8.81163, 0.00000, 0.00000,-0.00000, 0.00000, 0.15319,-0.00000, 0.98820, 0.32505,107.66501,1454.59743,2549.74072,-3.84656,-0.00000,-0.00000,
22.00000,7700.00000, 0.00000,10000.00000, 0.00000, 8.81163, 0.00000,350.00000, 8.81163, 0.00000, 0.00000,-0.00000, 0.00000, 0.15319,-0.00000, 0.98820, 0.32505,107.66501,1454.59743,2549.74072,-3.84656,-0.00000,-0.00000,
22.10000,7735.00000, 0.00000,10000.00000, 0.00000, 8.81163, 0.00000,350.00000, 8.81163, 0.00000, 0.00000,-0.00000, 0.00000, 0.15319,-0.00000, 0.98820, 0.32505,107.66501,1454.59743,2549.74072,-3.84656,-0.00000,-0.00000,
22.20000,7770.00000, 0.00000,10000.00000, 0.00000, 8.81163, 0.00000,350.00000, 8.81163, 0.00000, 0.00000,-0.00000, 0.00000, 0.15319,-0.00000, 0.98820, 0.32505,107.66501,1454.59743,2549.74072,-3.84656,-0.00000,-0.00000,
22.30000,7805.00000, 0.00000,10000.00000, 0.00000, 8.81163, 0.00000,350.00000, 8.81163, 0.00000, 0.00000,-0.00000, 0.00000, 0.15319,-0.00000, 0.98820, 0.32505,107.66501,1454.59743,2549.74072,-3.84656,-0.00000,-0.00000,
22.40000,7840.00000, 0.00000,10000.00000, 0.00000, 8.81163, 0.00000,350.00000, 8.81163, 0.00000, 0.00000,-0.00000, 0.00000, 0.15319,-0.00000, 0.98820, 0.32505,107.66501,1454.59743,2549.74072,-3.84656,-0.00000,-0.00000,
22.50000,7875.00000, 0.00000,10000.00000, 0.00000, 8.81163, 0.00000,350.00000, 8.81163, 0.00000, 0.00000,-0.00000, 0.00000, 0.15319,-0.00000, 0.98820, 0.32505,107.66501,1454.59743,2549.74072,-3.84656,-0.00000,-0.00000,
22.60000,7910.00000, 0.00000,10000.00000, 0.00000, 8.81163, 0.00000,350.00000, 8.81163, 0.00000, 0.00000,-0.00000, 0.00000, 0.15319,-0.00000, 0.98820, 0.32505,107.66501,1454.59743,2549.74072,-3.84656,-0.00000,-0.00000,
22.70000,7945.00000, 0.00000,10000.00000, 0.00000, 8.81163, 0.00000,350.00000, 8.81163, 0.00000, 0.00000,-0.00000, 0.00000, 0.15319,-0.00000, 0.98820, 0.32505,107.66501,1454.59743,2549.74072,-3.84656,-0.00000,-0.00000,
22.80000,7980.00000, 0.00000,10000.00000, 0.00000, 8.81163, 0.00000,350.00000, 8.81163, 0.00000, 0.00000,-0.00000, 0.00000, 0.15319,-0.00000, 0.98820, 0.32505,107.66501,1454.59743,2549.74072,-3.84656,-0.00000,-0.00000,
22.90000,8015.00000, 0.00000,10000.00000, 0.00000, 8.81163, 0.00000,350.00000, 8.81163, 0.00000, 0.00000,-0.00000, 0.00000, 0.15319,-0.00000, 0.98820, 0.32505,107.66501,1454.59743,2549.74072,-3.84656,-0.00000,-0.00000,
23.00000,8050.00000, 0.00000,10000.00000, 0.00000, 8.81163, 0.00000,350.00000, 8.81163, 0.00000, 0.00000,-0.00000, 0.00000, 0.15319,-0.00000, 0.98820, 0.32505,107.66501,1454.59743,2549.74072,-3.84656,-0.00000,-0.00000,
23.10000,8085.00000, 0.00000,10000.00000, 0.00000, 8.81163, 0.00000,350.00000, 8.81163, 0.00000, 0.00000,-0.00000, 0.00000, 0.15319,-0.00000, 0.98820, 0.32505,107.66501,1454.59743,2549.74072,-3.84656,-0.00000,-0.00000,
23.20000,8120.00000, 0.00000,10000.00000, 0.00000, 8.81163, 0.00000,350.00000, 8.81163, 0.00000, 0.00000,-0.00000, 0.00000, 0.15319,-0.00000, 0.98820, 0.32505,107.66501,1454.59743,2549.74072,-3.84656,-0.00000,-0.00000,
23.30000,8155.00000, 0.00000,10000.00000, 0.00000, 8.81163, 0.00000,350.00000, 8.81163, 0.00000, 0.00000,-0.00000, 0.00000, 0.15319,-0.00000, 0.98820, 0.32505,107.66501,1454.59743,2549.74072,-3.84656,-0.00000,-0.00000,
23.40000,8190.00000, 0.00000,10000.00000, 0.00000, 8.81163, 0.00000,350.00000, 8.81163, 0.00000, 0.00000,-0.00000, 0.00000, 0.15319,-0.00000, 0.98820, 0.32505,107.66501,1454.59743,2549.74072,-3.84656,-0.00000,-0.00000,
23.50000,8225.00000, 0.00000,10000.00000, 0.00000, 8.81163, 0.00000,350.00000, 8.81163, 0.00000, 0.00000,-0.00000, 0.00000, 0.15319,-0.00000, 0.98820, 0.32505,107.66501,1454.59743,2549.74072,-3.84656,-0.00000,-0.00000,
23.60000,8260.00000, 0.00000,10000.00000, 0.00000, 8.81163, 0.00000,350.00000, 8.81163, 0.00000, 0.00000,-0.00000, 0.00000, 0.15319,-0.00000, 0.98820, 0.32505,107.66501,1454.59743,2549.74072,-3.84656,-0.00000,-0.00000,
23.70000,8295.00000, 0.00000,10000.00000, 0.00000, 8.81163, 0.00000,350.00000, 8.81163, 0.00000, 0.00000,-0.00000, 0.00000, 0.15319,-0.00000, 0.98820, 0.32505,107.66501,1454.59743,2549.74072,-3.84656,-0.00000,-0.00000,
23.80000,8330.00000, 0.00000,10000.00000, 0.00000, 8.81163, 0.00000,350.00000, 8.81163, 0.00000, 0.00000,-0.00000, 0.00000, 0.15319,-0.00000, 0.98820, 0.32505,107.66501,1454.59743,2549.74072,-3.84656,-0.00000,-0.00000,
23.90000,8365.00000, 0.00000,10000.00000, 0.00000, 8.81163, 0.00000,350.00000, 8.81163, 0.00000, 0.00000,-0.00000, 0.00000, 0.15319,-0.00000, 0.98820, 0.32505,107.66501,1454.59743,2549.74072,-3.84656,-0.00000,-0.00000,
24.00000,8400.00000, 0.00000,10000.00000, 0.00000, 8.81163, 0.00000,350.00000, 8.81163, 0.00000, 0.00000,-0.00000, 0.00000, 0.15319,-0.00000, 0.98820, 0.32505,107.66501,1454.59743,2549.74072,-3.84656,-0.00000,-0.00000,
24.10000,8435.00000, 0.00000,10000.00000, 0.00000, 8.81163, 0.00000,350.00000, 8.81163, 0.00000, 0.00000,-0.00000, 0.00000, 0.15319,-0.00000, 0.98820, 0.32505,107.66501,1454.59743,2549.74072,-3.84656,-0.00000,-0.00000,
24.20000,8470.00000, 0.00000,10000.00000, 0.00000, 8.81163, 0.00000,350.00000, 8.81163, 0.00000, 0.00000,-0.00000, 0.00000, 0.15319,-0.00000, 0.98820, 0.32505,107.66501,1454.59743,2549.74072,-3.84656,-0.00000,-0.00000,
24.30000,8505.00000, 0.00000,10000.00000, 0.00000, 8.81163, 0.00000,350.00000, 8.81163, 0.00000, 0.00000,-0.00000, 0.00000, 0.15319,-0.00000, 0.98820, 0.32505,107.66501,1454.59743,2549.74072,-3.84656,-0.00000,-0.00000,
24.40000,8540.00000, 0.00000,10000.00000, 0.00000, 8.81163, 0.00000,350.00000, 8.81163, 0.00000, 0.00000,-0.00000, 0.00000, 0.15319,-0.00000, 0.98820, 0.32505,107.66501,1454.59743,2549.74072,-3.84656,-0.00000,-0.00000,
24.50000,8575.00000, 0.00000,10000.00000, 0.00000, 8.81163, 0.00000,350.00000, 8.81163, 0.00000, 0.00000,-0.00000, 0.00000, 0.15319,-0.00000, 0.98820, 0.32505,107.66501,1454.59743,2549.74072,-3.84656,-0.00000,-0.00000,
24.60000,8610.00000, 0.00000,10000.00000, 0.00000, 8.81163, 0.00000,350.00000, 8.81163, 0.00000, 0.00000,-0.00000, 0.00000, 0.15319,-0.00000, 0.98820, 0.32505,107.66501,1454.59743,2549.74072,-3.84656,-0.00000,-0.00000,
24.70000,8645.00000, 0.00000,10000.00000, 0.00000, 8.81163, 0.00000,350.00000, 8.81163, 0.00000, 0.00000,-0.00000, 0.00000, 0.15319,-0.00000, 0.98820, 0.32505,107.66501,1454.59743,2549.74072,-3.84656,-0.00000,-0.00000,
24.80000,8680.00000, 0.00000,10000.00000, 0.00000, 8.81163, 0.00000,350.00000, 8.81163, 0.00000, 0.00000,-0.00000, 0.00000, 0.15319,-0.00000, 0.98820, 0.32505,107.66501,1454.59743,2549.74072,-3.84656,-0.00000,-0.00000,
24.90000,8715.00000, 0.00000,10000.00000, 0.00000, 8.81163, 0.00000,350.00000, 8.81163, 0.00000, 0.00000,-0.00000, 0.00000, 0.15319,-0.00000, 0.98820, 0.32505,107.66501,1454.59743,2549.74072,-3.84656,-0.00000,-0.00000,
25.00000,8750.00000, 0.00000,10000.00000, 0.00000, 8.81163, 0.00000,350.00000, 8.81163, 0.00000, 0.00000,-0.00000, 0.00000, 0.15319,-0.00000, 0.98820, 0.32505,107.66501,1454.59743,2549.74072,-3.84656,-0.00000,-0.00000,
25.10000,8785.00000, 0.00000,10000.00000, 0.00000, 8.81163, 0.00000,350.00000, 8.81163, 0.00000, 0.00000,-0.00000, 0.00000, 0.15319,-0.00000, 0.98820, 0.32505,107.66501,1454.59743,2549.74072,-3.84656,-0.00000,-0.00000,
25.20000,8820.00000, 0.00000,10000.00000, 0.00000, 8.81163, 0.00000,350.00000, 8.81163, 0.00000, 0.00000,-0.00000, 0.00000, 0.15319,-0.00000, 0.98820, 0.32505,107.66501,1454.59743,2549.74072,-3.84656,-0.00000,-0.00000,
25.30000,8855.00000, 0.00000,10000.00000, 0.00000, 8.81163, 0.00000,350.00000, 8.81163, 0.00000, 0.00000,-0.00000, 0.00000, 0.15319,-0.00000, 0.98820, 0.32505,107.66501,1454.59743,2549.74072,-3.84656,-0.00000,-0.00000,
25.40000,8890.00000, 0.00000,10000.00000, 0.00000, 8.81163, 0.00000,350.00000, 8.81163, 0.00000, 0.00000,-0.00000, 0.00000, 0.15319,-0.00000, 0.98820, 0.32505,107.66501,1454.59743,2549.74072,-3.84656,-0.00000,-0.00000,
25.50000,8925.00000, 0.00000,10000.00000, 0.00000, 8.81163, 0.00000,350.00000, 8.81163, 0.00000, 0.00000,-0.00000, 0.00000, 0.15319,-0.00000, 0.98820, 0.32505,107.66501,1454.59743,2549.74072,-3.84656,-0.00000,-0.00000,
25.60000,8960.00000, 0.00000,10000.00000, 0.00000, 8.81163, 0.00000,350.00000, 8.81163, 0.00000, 0.00000,-0.00000, 0.00000, 0.15319,-0.00000, 0.98820, 0.32505,107.66501,1454.59743,2549.74072,-3.84656,-0.00000,-0.00000,
25.70000,8995.00000, 0.00000,10000.00000, 0.00000, 8.81163, 0.00000,350.00000, 8.81163, 0.00000, 0.00000,-0.00000, 0.00000, 0.15319,-0.00000, 0.98820, 0.32505,107.66501,1454.59743,2549.74072,-3.84656,-0.00000,-0.00000,
25.80000,9030.00000, 0.00000,10000.00000, 0.00000, 8.81163, 0.00000,350.00000, 8.81163, 0.00000, 0.00000,-0.00000, 0.00000, 0.15319,-0.00000, 0.98820, 0.32505,107.66501,1454.59743,2549.74072,-3.84656,-0.00000,-0.00000,
25.90000,9065.00000, 0.00000,10000.00000, 0.00000, 8.81163, 0.00000,350.00000, 8.81163, 0.00000, 0.00000,-0.00000, 0.00000, 0.15319,-0.00000, 0.98820, 0.32505,107.66501,1454.59743,2549.74072,-3.84656,-0.00000,-0.00000,
26.00000,9100.00000, 0.00000,10000.00000, 0.00000, 8.81163, 0.00000,350.00000, 8.81163, 0.00000, 0.00000,-0.00000, 0.00000, 0.15319,-0.00000, 0.98820, 0.32505,107.66501,1454.59743,2549.74072,-3.84656,-0.00000,-0.00000,
26.10000,9135.00000, 0.00000,10000.00000, 0.00000, 8.81163, 0.00000,350.00000, 8.81163, 0.00000, 0.00000,-0.00000, 0.00000, 0.15319,-0.00000, 0.98820, 0.32505,107.66501,1454.59743,2549.74072,-3.84656,-0.00000,-0.00000,
26.20000,9170.00000, 0.00000,10000.00000, 0.00000, 8.81163, 0.00000,350.00000, 8.81163, 0.00000, 0.00000,-0.00000, 0.00000, 0.15319,-0.00000, 0.98820, 0.32505,107.66501,1454.59743,2549.74072,-3.84656,-0.00000,-0.00000,
26.30000,9205.00000, 0.00000,10000.00000, 0.00000, 8.81163, 0.00000,350.00000, 8.81163, 0.00000, 0.00000,-0.00000, 0.00000, 0.15319,-0.00000, 0.98820, 0.32505,107.66501,1454.59743,2549.74072,-3.84656,-0.00000,-0.00000,
26.40000,9240.00000, 0.00000,10000.00000, 0.00000, 8.81163, 0.00000,350.00000, 8.81163, 0.00000, 0.00000,-0.00000, 0.00000, 0.15319,-0.00000, 0.98820, 0.32505,107.66501,1454.59743,2549.74072,-3.84656,-0.00000,-0.00000,
26.50000,9275.00000, 0.00000,10000.00000, 0.00000, 8.81163, 0.00000,350.00000, 8.81163, 0.00000, 0.00000,-0.00000, 0.00000, 0.15319,-0.00000, 0.98820, 0.32505,107.66501,1454.59743,2549.74072,-3.84656,-0.00000,-0.00000,
26.60000,9310.00000, 0.00000,10000.00000, 0.00000, 8.81163, 0.00000,350.00000, 8.81163, 0.00000, 0.00000,-0.00000, 0.00000, 0.15319,-0.00000, 0.98820, 0.32505,107.66501,1454.59743,2549.74072,-3.84656,-0.00000,-0.00000,
26.70000,9345.00000, 0.00000,10000.00000, 0.00000, 8.81163, 0.00000,350.00000, 8.81163, 0.00000, 0.00000,-0.00000, 0.00000, 0.15319,-0.00000, 0.98820, 0.32505,107.66501,1454.59743,2549.74072,-3.84656,-0.00000,-0.00000,
26.80000,9380.00000, 0.00000,10000.00000, 0.00000, 8.81163, 0.00000,350.00000, 8.81163, 0.00000, 0.00000,-0.00000, 0.00000, 0.15319,-0.00000, 0.98820, 0.32505,107.66501,1454.59743,2549.74072,-3.84656,-0.00000,-0.00000,
26.90000,9415.00000, 0.00000,10000.00000, 0.00000, 8.81163, 0.00000,350.00000, 8.81163, 0.00000, 0.00000,-0.00000, 0.00000, 0.15319,-0.00000, 0.98820, 0.32505,107.66501,1454.59743,2549.74072,-3.84656,-0.00000,-0.00000,
27.00000,9450.00000, 0.00000,10000.00000, 0.00000, 8.81163, 0.00000,350.00000, 8.81163, 0.00000, 0.00000,-0.00000, 0.00000, 0.15319,-0.00000, 0.98820, 0.32505,107.66501,1454.59743,2549.74072,-3.84656,-0.00000,-0.00000,
27.10000,9485.00000, 0.00000,10000.00000, 0.00000, 8.81163, 0.00000,350.00000, 8.81163, 0.00000, 0.00000,-0.00000, 0.00000, 0.15319,-0.00000, 0.98820, 0.32505,107.66501,1454.59743,2549.74072,-3.84656,-0.00000,-0.00000,
27.20000,9520.00000, 0.00000,10000.00000, 0.00000, 8.81163, 0.00000,350.00000, 8.81163, 0.00000, 0.00000,-0.00000, 0.00000, 0.15319,-0.00000, 0.98820, 0.32505,107.66501,1454.59743,2549.74072,-3.84656,-0.00000,-0.00000,
27.30000,9555.00000, 0.00000,10000.00000, 0.00000, 8.81163, 0.00000,350.00000, 8.81163, 0.00000, 0.00000,-0.00000, 0.00000, 0.15319,-0.00000, 0.98820, 0.32505,107.66501,1454.59743,2549.74072,-3.84656,-0.00000,-0.00000,
27.40000,9590.00000, 0.00000,10000.00000, 0.00000, 8.81163, 0.00000,350.00000, 8.81163, 0.00000, 0.00000,-0.00000, 0.00000, 0.15319,-0.00000, 0.98820, 0.32505,107.66501,1454.59743,2549.74072,-3.84656,-0.00000,-0.00000,
27.50000,9625.00000, 0.00000,10000.00000, 0.00000, 8.81163, 0.00000,350.00000, 8.81163, 0.00000, 0.00000,-0.00000, 0.00000, 0.15319,-0.00000, 0.98820, 0.32505,107.66501,1454.59743,2549.74072,-3.84656,-0.00000,-0.00000,
27.60000,9660.00000, 0.00000,10000.00000, 0.00000, 8.81163, 0.00000,350.00000, 8.81163, 0.00000, 0.00000,-0.00000, 0.00000, 0.15319,-0.00000, 0.98820, 0.32505,107.66501,1454.59743,2549.74072,-3.84656,-0.00000,-0.00000,
27.70000,9695.00000, 0.00000,10000.00000, 0.00000, 8.81163, 0.00000,350.00000, 8.81163, 0.00000, 0.00000,-0.00000, 0.00000, 0.15319,-0.00000, 0.98820, 0.32505,107.66501,1454.59743,2549.74072,-3.84656,-0.00000,-0.00000,
27.80000,9730.00000, 0.00000,10000.00000, 0.00000, 8.81163, 0.00000,350.00000, 8.81163, 0.00000, 0.00000,-0.00000, 0.00000, 0.15319,-0.00000, 0.98820, 0.32505,107.66501,1454.59743,2549.74072,-3.84656,-0.00000,-0.00000,
27.90000,9765.00000, 0.00000,10000.00000, 0.00000, 8.81163, 0.00000,350.00000, 8.81163, 0.00000, 0.00000,-0.00000, 0.00000, 0.15319,-0.00000, 0.98820, 0.32505,107.66501,1454.59743,2549.74072,-3.84656,-0.00000,-0.00000,
28.00000,9800.00000, 0.00000,10000.00000, 0.00000, 8.81163, 0.00000,350.00000, 8.81163, 0.00000, 0.00000,-0.00000, 0.00000, 0.15319,-0.00000, 0.98820, 0.32505,107.66501,1454.59743,2549.74072,-3.84656,-0.00000,-0.00000,
28.10000,9835.00000, 0.00000,10000.00000, 0.00000, 8.81163, 0.00000,350.00000, 8.81163, 0.00000, 0.00000,-0.00000, 0.00000, 0.15319,-0.00000, 0.98820, 0.32505,107.66501,1454.59743,2549.74072,-3.84656,-0.00000,-0.00000,
28.20000,9870.00000, 0.00000,10000.00000, 0.00000, 8.81163, 0.00000,350.00000, 8.81163, 0.00000, 0.00000,-0.00000, 0.00000, 0.15319,-0.00000, 0.98820, 0.32505,107.66501,1454.59743,2549.74072,-3.84656,-0.00000,-0.00000,
28.30000,9905.00000, 0.00000,10000.00000, 0.00000, 8.81163, 0.00000,350.00000, 8.81163, 0.00000, 0.00000,-0.00000, 0.00000, 0.15319,-0.00000, 0.98820, 0.32505,107.66501,1454.59743,2549.74072,-3.84656,-0.00000,-0.00000,
28.40000,9940.00000, 0.00000,10000.00000, 0.00000, 8.81163, 0.00000,350.00000, 8.81163, 0.00000, 0.00000,-0.00000, 0.00000, 0.15319,-0.00000, 0.98820, 0.32505,107.66501,1454.59743,2549.74072,-3.84656,-0.00000,-0.00000,
28.50000,9975.00000, 0.00000,10000.00000, 0.00000, 8.81163, 0.00000,350.00000, 8.81163, 0.00000, 0.00000,-0.00000, 0.00000, 0.15319,-0.00000, 0.98820, 0.32505,107.66501,1454.59743,2549.74072,-3.84656,-0.00000,-0.00000,
28.60000,10010.00000, 0.00000,10000.00000, 0.00000, 8.81163, 0.00000,350.00000, 8.81163, 0.00000, 0.00000,-0.00000, 0.00000, 0.15319,-0.00000, 0.98820, 0.32505,107.66501,1454.59743,2549.74072,-3.84656,-0.00000,-0.00000,
28.70000,10045.00000, 0.00000,10000.00000, 0.00000, 8.81163, 0.00000,350.00000, 8.81163, 0.00000, 0.00000,-0.00000, 0.00000, 0.15319,-0.00000, 0.98820, 0.32505,107.66501,1454.59743,2549.74072,-3.84656,-0.00000,-0.00000,
28.80000,10080.00000, 0.00000,10000.00000, 0.00000, 8.81163, 0.00000,350.00000, 8.81163, 0.00000, 0.00000,-0.00000, 0.00000, 0.15319,-0.00000, 0.98820, 0.32505,107.66501,1454.59743,2549.74072,-3.84656,-0.00000,-0.00000,
28.90000,10115.00000, 0.00000,10000.00000, 0.00000, 8.81163, 0.00000,350.00000, 8.81163, 0.00000, 0.00000,-0.00000, 0.00000, 0.15319,-0.00000, 0.98820, 0.32505,107.66501,1454.59743,2549.74072,-3.84656,-0.00000,-0.00000,
29.00000,10150.00000, 0.00000,10000.00000, 0.00000, 8.81163, 0.00000,350.00000, 8.81163, 0.00000, 0.00000,-0.00000, 0.00000, 0.15319,-0.00000, 0.98820, 0.32505,107.66501,1454.59743,2549.74072,-3.84656,-0.00000,-0.00000,
29.10000,10185.00000, 0.00000,10000.00000, 0.00000, 8.81163, 0.00000,350.00000, 8.81163, 0.00000, 0.00000,-0.00000, 0.00000, 0.15319,-0.00000, 0.98820, 0.32505,107.66501,1454.59743,2549.74072,-3.84656,-0.00000,-0.00000,
29.20000,10220.00000, 0.00000,10000.00000, 0.00000, 8.81163, 0.00000,350.00000, 8.81163, 0.00000, 0.00000,-0.00000, 0.00000, 0.15319,-0.00000, 0.98820, 0.32505,107.66501,1454.59743,2549.74072,-3.84656,-0.00000,-0.00000,
29.30000,10255.00000, 0.00000,10000.00000, 0.00000, 8.81163, 0.00000,350.00000, 8.81163, 0.00000, 0.00000,-0.00000, 0.00000, 0.15319,-0.00000, 0.98820, 0.32505,107.66501,1454.59743,2549.74072,-3.84656,-0.00000,-0.00000,
29.40000,10290.00000, 0.00000,10000.00000, 0.00000, 8.81163, 0.00000,350.00000, 8.81163, 0.00000, 0.00000,-0.00000, 0.00000, 0.15319,-0.00000, 0.98820, 0.32505,107.66501,1454.59743,2549.74072,-3.84656,-0.00000,-0.00000,
29.50000,10325.00000, 0.00000,10000.00000, 0.00000, 8.81163, 0.00000,350.00000, 8.81163, 0.00000, 0.00000,-0.00000, 0.00000, 0.15319,-0.00000, 0.98820, 0.32505,107.66501,1454.59743,2549.74072,-3.84656,-0.00000,-0.00000,
29.60000,10360.00000, 0.00000,10000.00000, 0.00000, 8.81163, 0.00000,350.00000, 8.81163, 0.00000, 0.00000,-0.00000, 0.00000, 0.15319,-0.00000, 0.98820, 0.32505,107.66501,1454.59743,2549.74072,-3.84656,-0.00000,-0.00000,
29.70000,10395.00000, 0.00000,10000.00000, 0.00000, 8.81163, 0.00000,350.00000, 8.81163, 0.00000, 0.00000,-0.00000, 0.00000, 0.15319,-0.00000, 0.98820, 0.32505,107.66501,1454.59743,2549.74072,-3.84656,-0.00000,-0.00000,
29.80000,10430.00000, 0.00000,10000.00000, 0.00000, 8.81163, 0.00000,350.00000, 8.81163, 0.00000, 0.00000,-0.00000, 0.00000, 0.15319,-0.00000, 0.98820, 0.32505,107.66501,1454.59743,2549.74072,-3.84656,-0.00000,-0.00000,
29.90000,10465.00000, 0.00000,10000.00000, 0.00000, 8.81163, 0.00000,350.00000, 8.81163, 0.00000, 0.00000,-0.00000, 0.00000, 0.15319,-0.00000, 0.98820, 0.32505,107.66501,1454.59743,2549.74072,-3.84656,-0.00000,-0.00000,
30.00000,10500.00000, 0.00000,10000.00000, 0.00000, 8.81163, 0.00000,350.00000, 8.81163, 0.00000, 0.00000,-0.00000, 0.00000, 0.15319,-0.00000, 0.98820, 0.32505,107.66501,1454.59743,2549.74072,-3.84656,-0.00000,-0.00000,
